2.303307
2.302430
2.299994
2.300120
2.297301
2.298708
2.299612
2.298083
2.294762
2.296809
2.297165
2.299054
2.295775
2.297332
2.294461
2.298581
2.294733
2.291311
2.297488
2.293525
2.294421
2.288201
2.291673
2.289581
2.285110
2.288604
2.284123
2.290323
2.283429
2.285517
2.284231
2.284497
2.281870
2.285166
2.283058
2.279289
2.283879
2.266709
2.273248
2.275712
2.279132
2.272639
2.265293
2.267960
2.269116
2.269055
2.269332
2.256816
2.268157
2.258163
2.254317
2.259872
2.255043
2.256454
2.251521
2.252014
2.251607
2.249547
2.241170
2.229067
2.237722
2.231787
2.233700
2.225249
2.214050
2.227714
2.223523
2.202848
2.190664
2.205578
2.187804
2.178478
2.169705
2.176013
2.180416
2.150386
2.167007
2.159915
2.130740
2.135544
2.118125
2.122248
2.104704
2.084598
2.110714
2.026816
2.077691
2.075194
2.030509
2.041924
2.031211
2.047204
1.981688
1.963240
1.930850
1.834265
1.950265
1.850903
1.861231
1.843818
1.764769
1.824887
1.727909
1.833149
1.765079
1.741171
1.640983
1.618606
1.668270
1.632927
1.537998
1.525938
1.498217
1.553120
1.466980
1.440618
1.370092
1.312308
1.396354
1.288291
1.207521
1.242507
1.238815
1.197958
1.111399
1.160055
1.116534
1.089511
1.023668
0.972488
0.983893
0.930414
0.823401
1.035068
0.867996
0.946191
0.895973
0.779933
0.868827
0.813469
0.802466
0.815545
0.892314
0.746259
0.781950
0.827977
0.772189
0.578163
0.645492
0.993827
0.738762
0.709316
0.629502
0.793873
0.691348
0.663261
0.703050
0.699515
0.602158
0.778611
0.661116
0.648563
0.476370
0.674143
0.532850
0.496707
0.602171
0.554076
0.694125
0.692437
0.532954
0.590821
0.425826
0.535934
0.470783
0.556498
0.490322
0.524610
0.588376
0.496694
0.511603
0.615407
0.577693
0.667435
0.391340
0.575459
0.591543
0.496169
0.479758
0.591953
0.509951
0.609271
0.667976
0.474424
0.362138
0.501407
0.477325
0.460877
0.580077
0.446298
0.408705
0.542571
0.368192
0.477644
0.445311
0.501694
0.425895
0.602696
0.500899
0.510855
0.425639
0.387188
0.476871
0.431024
0.514547
0.441525
0.520324
0.434208
0.318759
0.500987
0.372441
0.499683
0.374255
0.468835
0.449788
0.401764
0.408925
0.446678
0.549732
0.363516
0.306609
0.380681
0.307115
0.558807
0.531613
0.442854
0.306215
0.409491
0.455806
0.427233
0.365577
0.433622
0.433391
0.364800
0.384093
0.401729
0.296214
0.333531
0.354713
0.467870
0.410210
0.501141
0.420116
0.513816
0.340581
0.480284
0.445342
0.448087
0.379218
0.336541
0.361885
0.444872
0.392231
0.429328
0.318450
0.334224
0.362113
0.493605
0.514748
0.426950
0.476346
0.430319
0.305892
0.224061
0.354939
0.280195
0.354721
0.559186
0.250134
0.363635
0.306301
0.288744
0.403773
0.328666
0.392378
0.336205
0.414116
0.255612
0.542639
0.397639
0.389075
0.311531
0.246058
0.334267
0.322032
0.293273
0.347193
0.248521
0.274385
0.274433
0.359476
0.313660
0.243978
0.357356
0.288646
0.445139
0.418608
0.344085
0.306530
0.311558
0.368941
0.367377
0.326541
0.325907
0.372897
0.312520
0.259571
0.224492
0.247531
0.303480
0.288246
0.342687
0.389870
0.415362
0.292012
0.388255
0.290480
0.331949
0.251337
0.301610
0.274308
0.274980
0.345295
0.357594
0.340176
0.301049
0.255495
0.230038
0.318482
0.452942
0.389852
0.462096
0.247882
0.351721
0.350690
0.208258
0.513930
0.233584
0.221368
0.304525
0.552998
0.240919
0.427920
0.359135
0.519052
0.383458
0.363930
0.393443
0.259569
0.386442
0.242439
0.321376
0.260097
0.424953
0.302232
0.365555
0.366695
0.358577
0.457843
0.334572
0.412919
0.182328
0.204211
0.316669
0.344331
0.203271
0.347461
0.349482
0.212103
0.241489
0.273207
0.260640
0.393057
0.405799
0.316923
0.272403
0.320558
0.215375
0.376883
0.338931
0.309727
0.213144
0.332521
0.237302
0.248095
0.224453
0.352055
0.296043
0.233554
0.309820
0.245139
0.320538
0.204660
0.252893
0.267055
0.229762
0.174914
0.212678
0.384078
0.279452
0.218814
0.299701
0.504480
0.266797
0.240058
0.306800
0.307449
0.296332
0.242887
0.264439
0.235247
0.166713
0.141950
0.357666
0.263816
0.136945
0.285318
0.302494
0.319747
0.251601
0.274522
0.260190
0.276928
0.298107
0.215482
0.351603
0.206598
0.259725
0.172032
0.253764
0.232513
0.294722
0.189419
0.252061
0.362221
0.133332
0.276222
0.246929
0.292590
0.339763
0.246998
0.190903
0.248357
0.179812
0.222543
0.203157
0.287947
0.189298
0.160747
0.308065
0.279105
0.327242
0.301277
0.223519
0.254612
0.308455
0.174355
0.194901
0.319817
0.279330
0.248282
0.276047
0.236290
0.205948
0.201205
0.264129
0.208503
0.185651
0.269431
0.176966
0.262643
0.219724
0.286369
0.252395
0.420341
0.142211
0.257363
0.339866
0.221989
0.240294
0.392505
0.303847
0.177635
0.289777
0.393249
0.264516
0.182430
0.256749
0.283924
0.408273
0.378675
0.219609
0.238296
0.261718
0.218207
0.181523
0.172608
0.136674
0.234070
0.265369
0.220164
0.192702
0.237280
0.328208
0.224961
0.307498
0.231281
0.261672
0.259036
0.197883
0.349328
0.155538
0.234913
0.315640
0.293302
0.260466
0.136776
0.209003
0.348224
0.226758
0.250134
0.268381
0.287371
0.250351
0.234748
0.211812
0.184668
0.169325
0.281120
0.260537
0.338989
0.149630
0.183348
0.285058
0.215914
0.259458
0.164456
0.277275
0.239550
0.269368
0.130493
0.288225
0.179346
0.273659
0.161635
0.145364
0.182780
0.172183
0.287246
0.382910
0.200829
0.290589
0.367631
0.141824
0.186915
0.289121
0.186800
0.157972
0.149701
0.232894
0.243779
0.210837
0.204303
0.179307
0.228810
0.276268
0.170114
0.225831
0.130755
0.201210
0.162246
0.189573
0.192173
0.143337
0.173282
0.184052
0.410489
0.129046
0.217364
0.161285
0.137355
0.192363
0.254099
0.194393
0.090102
0.198499
0.158335
0.081923
0.258365
0.328216
0.116010
0.284212
0.199330
0.250672
0.124598
0.228664
0.180554
0.099026
0.204579
0.227670
0.208549
0.249106
0.148308
0.163683
0.199408
0.356489
0.294567
0.160051
0.144318
0.312446
0.206876
0.287807
0.264802
0.221468
0.196385
0.152135
0.190900
0.391146
0.193370
0.200825
0.239759
0.209540
0.262284
0.158675
0.145066
0.181364
0.170665
0.272910
0.207782
0.181845
0.240678
0.351300
0.262728
0.148026
0.238825
0.253311
0.201338
0.278266
0.176099
0.144081
0.143688
0.164029
0.166169
0.201235
0.207400
0.173407
0.186702
0.221607
0.174141
0.176375
0.202025
0.169101
0.254029
0.210360
0.220218
0.221336
0.208824
0.099357
0.189122
0.174985
0.299138
0.214309
0.240450
0.157093
0.161858
0.267066
0.111309
0.228271
0.216279
0.100393
0.173530
0.142395
0.205496
0.070643
0.204327
0.256980
0.273352
0.205174
0.227921
0.182407
0.182980
0.182372
0.112576
0.186285
0.195966
0.086384
0.163827
0.190444
0.113895
0.233029
0.251415
0.229717
0.138101
0.087722
0.129961
0.115674
0.170690
0.174542
0.177863
0.209424
0.136348
0.128295
0.257167
0.153106
0.165508
0.143217
0.107152
0.238294
0.147624
0.103896
0.203113
0.144926
0.070205
0.332344
0.201016
0.364673
0.169593
0.333815
0.248112
0.116003
0.092795
0.113978
0.120336
0.158042
0.108810
0.230323
0.205834
0.200657
0.143850
0.292384
0.331276
0.208870
0.257966
0.139914
0.082398
0.143377
0.241117
0.125660
0.213561
0.166461
0.162568
0.159324
0.120645
0.119833
0.135351
0.145581
0.127907
0.224289
0.208842
0.144251
0.316112
0.170461
0.124857
0.159393
0.106184
0.175057
0.169886
0.135865
0.146760
0.117892
0.255244
0.242984
0.124820
0.180318
0.089367
0.220774
0.124377
0.089206
0.146183
0.155109
0.200722
0.177090
0.206215
0.247499
0.094734
0.352503
0.270828
0.353511
0.130321
0.253012
0.226758
0.135950
0.195226
0.132680
0.180752
0.308433
0.146098
0.186418
0.143023
0.189149
0.160324
0.155828
0.207594
0.103518
0.228025
0.156248
0.177828
0.183704
0.139985
0.166240
0.189287
0.147796
0.171707
0.223343
0.223328
0.308946
0.184677
0.166339
0.159305
0.150916
0.137072
0.174716
0.188506
0.121994
0.159761
0.148652
0.159654
0.072333
0.202013
0.158649
0.176347
0.122793
0.135713
0.194953
0.198172
0.104948
0.237203
0.207205
0.163078
0.125850
0.121153
0.137656
0.094975
0.171333
0.198424
0.235200
0.206234
0.148565
0.130794
0.195474
0.180922
0.153902
0.138350
0.281068
0.163324
0.112927
0.149398
0.218007
0.165567
0.093578
0.185157
0.154459
0.106588
0.116481
0.124750
0.169414
0.130487
0.087748
0.229313
0.159327
0.185153
0.186031
0.124371
0.147773
0.170437
0.103023
0.145209
0.105715
0.197372
0.117556
0.138451
0.128446
0.186879
0.058309
0.154452
0.069999
0.146762
0.149901
0.110363
0.165608
0.096710
0.141083
0.089896
0.062177
0.158117
0.129146
0.137754
0.132797
0.224574
0.158582
0.268187
0.129706
0.166245
0.173219
0.073254
0.408593
0.088243
0.207673
0.088324
0.125316
0.207863
0.121186
0.142053
0.075677
0.061931
0.079620
0.189952
0.204806
0.171877
0.123793
0.148007
0.145783
0.149198
0.207117
0.188404
0.165458
0.081990
0.163155
0.115386
0.183572
0.208788
0.205837
0.155484
0.271787
0.196549
0.187752
0.133210
0.152101
0.250731
0.151674
0.155420
0.105364
0.129791
0.188894
0.174410
0.254759
0.088576
0.301528
0.230418
0.142899
0.186215
0.148617
0.189951
0.117114
0.091497
0.109978
0.150547
0.048826
0.215579
0.160264
0.240026
0.139302
0.209944
0.136637
0.109728
0.159371
0.103271
0.206972
0.151267
0.162718
0.149097
0.135209
0.224999
0.167019
0.192611
0.168529
0.147909
0.139785
0.173673
0.111434
0.141256
0.187898
0.143634
0.148235
0.122077
0.107504
0.142173
0.172597
0.177945
0.174825
0.115808
0.175257
0.239726
0.087520
0.137077
0.129590
0.143174
0.201096
0.182128
0.079447
0.139353
0.141117
0.113556
0.115536
0.209398
0.166129
0.162957
0.108436
0.097949
0.113272
0.203856
0.163173
0.097427
0.187975
0.164677
0.099942
0.141130
0.185060
0.086134
0.185385
0.102627
0.135862
0.209878
0.146793
0.170822
0.204681
0.173810
0.111300
0.148279
0.142323
0.094083
0.108390
0.285490
0.166213
0.064851
0.129521
0.064426
0.135591
0.076066
0.079860
0.133154
0.146157
0.169260
0.130408
0.058249
0.120497
0.200639
0.077728
0.124900
0.195794
0.087827
0.144786
0.106387
0.182402
0.101802
0.153132
0.127699
0.258878
0.090535
0.057255
0.156878
0.106742
0.111818
0.127923
0.121805
0.071421
0.121675
0.113031
0.154547
0.085216
0.094274
0.177953
0.263452
0.125331
0.121878
0.066485
0.130919
0.131199
0.189009
0.076261
0.151663
0.188656
0.090998
0.107719
0.176618
0.127755
0.233262
0.077769
0.145592
0.202494
0.136755
0.132273
0.151308
0.179038
0.184810
0.147330
0.109415
0.115988
0.112868
0.153857
0.178204
0.158553
0.218440
0.156003
0.166503
0.116852
0.133146
0.226051
0.115664
0.194014
0.175397
0.190960
0.154288
0.219081
0.119494
0.186921
0.146342
0.221031
0.179134
0.199578
0.210829
0.099902
0.093909
0.131691
0.127881
0.179340
0.084574
0.083034
0.087428
0.107219
0.257554
0.130027
0.176293
0.107629
0.074520
0.096559
0.143590
0.069381
0.190944
0.068354
0.124636
0.163064
0.214907
0.240285
0.137976
0.122803
0.098798
0.064474
0.160943
0.150550
0.097770
0.133219
0.050486
0.130109
0.102300
0.091179
0.189284
0.105718
0.128775
0.133038
0.125828
0.084632
0.064433
0.153827
0.088405
0.066703
0.079186
0.165073
0.085322
0.173494
0.067712
0.085247
0.092122
0.162478
0.207343
0.090430
0.132190
0.084716
0.096437
0.082283
0.179411
0.061533
0.102887
0.083916
0.129706
0.229644
0.147702
0.084645
0.126750
0.123135
0.142838
0.091906
0.085093
0.148541
0.072529
0.088391
0.070704
0.074645
0.077558
0.085183
0.091837
0.165171
0.115052
0.129954
0.149609
0.089089
0.116845
0.076094
0.067954
0.084509
0.115846
0.107451
0.139899
0.088776
0.135723
0.134308
0.132829
0.106057
0.100231
0.104931
0.087099
0.155159
0.149425
0.168648
0.143713
0.241037
0.141533
0.092933
0.138743
0.057126
0.170654
0.048452
0.146757
0.093629
0.120481
0.145249
0.097030
0.116199
0.183537
0.123537
0.081907
0.179973
0.129398
0.199639
0.077916
0.167629
0.122245
0.189175
0.147870
0.108278
0.116784
0.125840
0.169720
0.075564
0.113095
0.129480
0.123295
0.140084
0.186952
0.075123
0.058195
0.141635
0.246633
0.123985
0.104716
0.112424
0.188652
0.174219
0.111636
0.136222
0.113316
0.090023
0.232174
0.120417
0.137128
0.101645
0.190620
0.087705
0.086802
0.222368
0.177050
0.091959
0.146541
0.135944
0.165541
0.108472
0.085488
0.143643
0.097452
0.042025
0.312452
0.133878
0.167004
0.100332
0.117188
0.166361
0.135656
0.104248
0.068557
0.091388
0.118781
0.139582
0.153383
0.127816
0.090499
0.201311
0.124880
0.087902
0.157948
0.115838
0.086652
0.184772
0.083201
0.174642
0.082671
0.074730
0.086695
0.147345
0.082791
0.103363
0.085968
0.130438
0.078381
0.098248
0.070859
0.094525
0.104648
0.068196
0.213341
0.195674
0.088931
0.061529
0.058311
0.075732
0.088167
0.077509
0.107927
0.064038
0.089534
0.087631
0.112756
0.135104
0.090457
0.084349
0.188516
0.133234
0.091472
0.103156
0.112169
0.081000
0.098891
0.067742
0.168028
0.075602
0.078868
0.148443
0.144680
0.238784
0.091054
0.117887
0.124840
0.077564
0.124190
0.040531
0.131255
0.131387
0.083640
0.121106
0.115965
0.113529
0.154423
0.071949
0.109279
0.183915
0.193196
0.124703
0.110818
0.115694
0.206845
0.215620
0.173874
0.092387
0.219075
0.174150
0.148150
0.106768
0.200954
0.112225
0.042315
0.095636
0.078248
0.100061
0.098888
0.090527
0.093524
0.143341
0.107351
0.125135
0.063246
0.035812
0.100453
0.110024
0.102819
0.071212
0.124588
0.071054
0.135053
0.036941
0.216969
0.057268
0.075130
0.059142
0.113238
0.181402
0.122794
0.067961
0.230053
0.161676
0.101422
0.115566
0.180316
0.111629
0.061780
0.072057
0.071801
0.106740
0.075711
0.090341
0.049979
0.067971
0.076303
0.094060
0.163156
0.060658
0.133258
0.128307
0.105521
0.140499
0.079748
0.055257
0.091670
0.140047
0.114247
0.077072
0.053550
0.137849
0.050095
0.157266
0.118444
0.092346
0.088503
0.115083
0.118328
0.062000
0.160870
0.150684
0.184945
0.138672
0.168338
0.124947
0.064291
0.104317
0.044018
0.106656
0.097600
0.097702
0.198739
0.092713
0.086422
0.108923
0.119084
0.064959
0.172182
0.101936
0.175726
0.052021
0.191235
0.064406
0.174888
0.093355
0.143274
0.062086
0.077958
0.056388
0.035177
0.065728
0.114185
0.091179
0.129944
0.056470
0.134169
0.139663
0.072771
0.277923
0.058251
0.105260
0.051145
0.088570
0.095517
0.046745
0.071794
0.069442
0.142025
0.064710
0.102073
0.079330
0.070390
0.151666
0.104898
0.182674
0.077142
0.119025
0.056445
0.090866
0.074489
0.070665
0.037424
0.109396
0.108305
0.097843
0.119789
0.092780
0.066358
0.136679
0.070362
0.086028
0.077294
0.071263
0.103415
0.047973
0.071931
0.106528
0.079492
0.075463
0.122147
0.078600
0.041780
0.039427
0.077653
0.076119
0.147925
0.098614
0.075791
0.080484
0.119366
0.096060
0.116835
0.052997
0.045912
0.095469
0.066844
0.088196
0.124907
0.134477
0.092745
0.124824
0.099655
0.070864
0.085456
0.080178
0.183968
0.126184
0.118945
0.106399
0.082055
0.123563
0.081520
0.053493
0.062052
0.122299
0.076047
0.080110
0.096340
0.085247
0.164782
0.048692
0.126406
0.031970
0.069758
0.121052
0.079759
0.076679
0.088368
0.054080
0.109784
0.124931
0.075125
0.066611
0.104333
0.086211
0.117843
0.126108
0.125788
0.070070
0.089602
0.113255
0.068481
0.120970
0.039913
0.109590
0.057781
0.063609
0.113779
0.104671
0.089576
0.152755
0.115590
0.095462
0.123646
0.111432
0.111793
0.055862
0.152831
0.196354
0.049791
0.019102
0.057330
0.085633
0.100150
0.062685
0.043884
0.102246
0.099739
0.113152
0.072684
0.182729
0.037352
0.113155
0.026953
0.153821
0.105270
0.232548
0.136207
0.070134
0.093687
0.078242
0.091391
0.121101
0.064620
0.057803
0.051821
0.076122
0.103819
0.099020
0.144673
0.032705
0.044083
0.114441
0.065901
0.145414
0.038801
0.148002
0.137429
0.101681
0.032709
0.185443
0.121093
0.064988
0.158659
0.102866
0.087206
0.058301
0.105924
0.062997
0.170378
0.100504
0.079497
0.130827
0.084889
0.132183
0.089923
0.081954
0.127062
0.173200
0.078813
0.111952
0.087902
0.108935
0.090635
0.063801
0.079753
0.065455
0.081738
0.110449
0.231015
0.064635
0.049712
0.118683
0.114248
0.035949
0.106944
0.071287
0.103391
0.154256
0.143645
0.191646
0.055895
0.045467
0.074840
0.135720
0.322328
0.036154
0.127123
0.199804
0.079160
0.077700
0.171840
0.153962
0.062211
0.068135
0.101009
0.097987
0.104247
0.046196
0.143665
0.061436
0.206840
0.113619
0.153566
0.080778
0.086225
0.022259
0.153175
0.063674
0.046495
0.096297
0.100639
0.050760
0.038807
0.092319
0.093899
0.049398
0.100039
0.108461
0.089479
0.070431
0.079150
0.032318
0.052986
0.093420
0.084700
0.087760
0.051390
0.113270
0.117667
0.107179
0.112374
0.085593
0.071228
0.113953
0.078508
0.204306
0.142098
0.077069
0.090724
0.090426
0.111776
0.044174
0.091041
0.060050
0.073690
0.091630
0.189010
0.035231
0.118916
0.066250
0.112454
0.116880
0.068560
0.066975
0.123091
0.060873
0.065641
0.050386
0.098655
0.122865
0.113438
0.090009
0.148180
0.089186
0.061265
0.095776
0.070651
0.137910
0.126581
0.104346
0.053695
0.078660
0.100116
0.058180
0.084686
0.048507
0.056957
0.127490
0.119201
0.043021
0.041591
0.075071
0.105780
0.085699
0.052744
0.102882
0.087019
0.045008
0.125166
0.214632
0.063829
0.051276
0.071109
0.078042
0.085563
0.164637
0.126923
0.050712
0.037323
0.166920
0.030275
0.045533
0.083775
0.049011
0.156362
0.071723
0.097614
0.102666
0.032666
0.099718
0.156192
0.042895
0.076439
0.110757
0.060737
0.103949
0.224052
0.132427
0.066868
0.040169
0.057881
0.051166
0.079027
0.081911
0.075583
0.113883
0.050018
0.056387
0.123672
0.071574
0.033330
0.115408
0.132876
0.099867
0.058039
0.102219
0.095688
0.136096
0.104309
0.097967
0.056240
0.061361
0.054135
0.119927
0.062181
0.198274
0.083492
0.178175
0.022063
0.146681
0.112531
0.087152
0.056721
0.080993
0.126822
0.140974
0.045609
0.144255
0.039635
0.090083
0.042007
0.046343
0.050394
0.034629
0.121444
0.094654
0.118618
0.051767
0.114059
0.104548
0.061977
0.096665
0.082455
0.030968
0.122500
0.070434
0.137103
0.114911
0.047259
0.064704
0.057693
0.208556
0.044050
0.074249
0.142460
0.075991
0.071119
0.133958
0.075761
0.030777
0.040376
0.090205
0.172419
0.081361
0.095042
0.138921
0.049434
0.100569
0.124395
0.065852
0.039458
0.089259
0.058225
0.075991
0.081342
0.073012
0.088951
0.102986
0.057410
0.031006
0.080597
0.044750
0.121551
0.057972
0.075866
0.059289
0.077283
0.112300
0.207806
0.077930
0.057867
0.149582
0.064833
0.056666
0.112469
0.052172
0.064238
0.054364
0.108623
0.056611
0.087951
0.060261
0.039316
0.065826
0.068119
0.130184
0.136339
0.129422
0.080154
0.055532
0.111168
0.025465
0.029966
0.074805
0.183130
0.021189
0.040689
0.056792
0.125863
0.088321
0.114365
0.125595
0.031566
0.041344
0.080440
0.038648
0.063996
0.106587
0.057902
0.072707
0.051425
0.072638
0.049590
0.063013
0.047598
0.054790
0.028260
0.195459
0.043277
0.072433
0.081287
0.106684
0.037179
0.112815
0.060366
0.079078
0.050664
0.086640
0.094054
0.110326
0.203013
0.040106
0.091613
0.030982
