2.290521
2.283913
2.277040
2.255984
2.247928
2.230742
2.216965
2.183105
2.151812
2.095564
2.046999
1.986065
1.909501
1.858268
1.856509
1.719549
1.590864
1.497360
1.475101
1.386787
1.336449
1.246766
1.232156
1.108751
1.051002
0.898759
0.895663
0.818415
0.858680
0.757057
0.814319
0.677279
0.803412
0.705677
0.518617
0.716018
0.664737
0.649781
0.580883
0.771344
0.688044
0.695869
0.528547
0.539525
0.515793
0.478236
0.664098
0.520854
0.407972
0.569116
0.467247
0.398351
0.406523
0.398241
0.346818
0.356938
0.453488
0.549217
0.571562
0.376793
0.405610
0.575697
0.527777
0.346592
0.434376
0.367530
0.324597
0.455786
0.350028
0.350068
0.408274
0.396406
0.403512
0.533487
0.419908
0.468116
0.532766
0.368315
0.378573
0.398494
0.409755
0.393172
0.320286
0.379900
0.420678
0.489512
0.330143
0.493408
0.515030
0.305889
0.348985
0.302296
0.331742
0.350783
0.348761
0.348257
0.269381
0.452688
0.341354
0.367990
0.313717
0.382846
0.331233
0.304438
0.450391
0.333048
0.339995
0.333977
0.301138
0.460175
0.340044
0.317865
0.250057
0.276642
0.466946
0.225536
0.276862
0.269638
0.395184
0.292819
0.110630
0.289818
0.287524
0.174028
0.497679
0.243591
0.266700
0.471946
0.462735
0.387409
0.237943
0.343612
0.237297
0.275897
0.292418
0.361105
0.333744
0.239845
0.190464
0.216549
0.307854
0.201794
0.204537
0.217068
0.257468
0.313444
0.271165
0.422423
0.338291
0.201418
0.265151
0.176613
0.237666
0.264712
0.255417
0.396852
0.316760
0.296053
0.274762
0.334674
0.308361
0.241121
0.263943
0.280632
0.253141
0.243265
0.330137
0.200116
0.352699
0.210856
0.198513
0.455050
0.291314
0.345142
0.302626
0.342124
0.213015
0.343573
0.232844
0.247686
0.307320
0.316396
0.251554
0.267096
0.253066
0.276752
0.390209
0.399366
0.278055
0.343838
0.245015
0.372676
0.337489
0.297581
0.315816
0.161838
0.264895
0.160122
0.159376
0.265683
0.263672
0.168758
0.346022
0.279326
0.235187
0.358765
0.241787
0.203223
0.187895
0.217046
0.223449
0.196752
0.165797
0.183305
0.183910
0.198947
0.223547
0.253989
0.337498
0.186263
0.155867
0.243903
0.174751
0.257598
0.218165
0.229202
0.175447
0.138041
0.108335
0.200635
0.254684
0.210993
0.310997
0.107814
0.216787
0.100632
0.360292
0.217412
0.322611
0.214312
0.306865
0.258228
0.293929
0.242109
0.243261
0.168771
0.133643
0.196291
0.165876
0.245640
0.260033
0.150627
0.203529
0.230951
0.190071
0.251135
0.151971
0.330600
0.259708
0.193170
0.100949
0.280834
0.145782
0.271821
0.322476
0.212925
0.154297
0.203949
0.146234
0.144935
0.154531
0.203065
0.127820
0.160632
0.277905
0.140315
0.136982
0.159039
0.232836
0.313157
0.176158
0.122236
0.135816
0.213396
0.177634
0.178972
0.202829
0.226076
0.084527
0.256717
0.204341
0.210033
0.260458
0.231512
0.109759
0.216959
0.199731
0.234019
0.163757
0.253475
0.156866
0.246553
0.265947
0.313583
0.276086
0.139631
0.177788
0.182086
0.224222
0.194523
0.134111
0.180116
0.089770
0.101346
0.111823
0.226647
0.218702
0.188920
0.210853
0.192499
0.105211
0.245543
0.139356
0.148029
0.164383
0.179182
0.191617
0.230414
0.230364
0.102848
0.385481
0.139508
0.167564
0.174750
0.169565
0.186749
0.202386
0.221404
0.197517
0.144450
0.149515
0.258290
0.165926
0.152339
0.176737
0.117697
0.186224
0.124724
0.121184
0.186794
0.120896
0.180941
0.201467
0.271229
0.158306
0.230244
0.123252
0.134259
0.107594
0.187574
0.262699
0.217748
0.128580
0.175272
0.065422
0.099578
0.188632
0.155922
0.194410
0.088045
0.167876
0.152257
0.112820
0.190007
0.209424
0.204733
0.193048
0.124669
0.129536
0.125817
0.195202
0.126991
0.148902
0.091440
0.202536
0.216570
0.136168
0.155133
0.128272
0.151149
0.091159
0.215225
0.141143
0.127468
0.182043
0.165238
0.252691
0.221521
0.118204
0.115054
0.162625
0.102432
0.120671
0.123327
0.143751
0.196212
0.149633
0.105657
0.162627
0.140225
0.184924
0.165831
0.147628
0.119068
0.186750
0.213278
0.105574
0.129912
0.170195
0.127449
0.129426
0.176212
0.106300
0.252674
0.178614
0.130459
0.128726
0.150477
0.209518
0.150778
0.076819
0.187382
0.196230
0.094680
0.144666
0.103921
0.170198
0.093283
0.116922
0.080362
0.182085
0.225491
0.133083
0.218182
0.127642
0.068376
0.097109
0.153010
0.128739
0.165701
0.288538
0.227359
0.209598
0.128540
0.154292
0.190236
0.066179
0.135532
0.190595
0.105082
0.130377
0.108642
0.122578
0.144279
0.140252
0.136169
0.174665
0.139269
0.067993
0.162842
0.128975
0.098931
0.229994
0.126118
0.259023
0.256908
0.167222
0.139693
0.146729
0.183968
0.129267
0.143285
0.074129
0.178091
0.146947
0.110896
0.106972
0.154197
0.266175
0.116204
0.112831
0.168790
0.079809
0.079842
0.081583
0.174987
0.164540
0.117069
0.170564
0.143263
0.118007
0.135917
0.051195
0.146290
0.211823
0.110368
0.080856
0.074145
0.242636
0.135970
0.172341
0.111385
0.209463
0.152951
0.055180
0.181370
0.240904
0.067469
0.192295
0.173425
0.163479
0.098668
0.195562
0.189611
0.156171
0.115204
0.169205
0.120062
0.154568
0.081665
0.093990
0.074319
0.070059
0.106657
0.194863
0.089008
0.050342
0.096581
0.096971
0.110207
0.209955
0.091815
0.108679
0.124719
0.088707
0.169923
0.166232
0.104166
0.127893
0.178911
0.145822
0.192254
0.123228
0.157474
0.076460
0.244189
0.105131
0.185433
0.101881
0.093881
0.086040
0.074502
0.137113
0.154930
0.081841
0.124138
0.232215
0.149224
0.089699
0.163607
0.093812
0.112305
0.125687
0.121624
0.099370
0.079449
0.120770
0.128445
0.121716
0.064433
0.125629
0.211368
0.186628
0.175077
0.084806
0.200654
0.097638
0.086911
0.121520
0.074166
0.102377
0.213606
0.099392
0.189755
0.203935
0.069976
0.131148
0.093192
0.141400
0.128389
0.100059
0.151775
0.078479
0.109452
0.109937
0.178579
0.120177
0.047259
0.142373
0.138302
0.083072
0.156365
0.073239
0.092708
0.138809
0.133187
0.106172
0.106467
0.156337
0.149662
0.135379
0.083839
0.118102
0.176552
0.079720
0.068245
0.088403
0.095236
0.157140
0.180483
0.230801
0.100541
0.160523
0.132202
0.062123
0.066776
0.057232
0.096608
0.136702
0.116608
0.133235
0.049389
0.077328
0.047527
0.101415
0.092283
0.085502
0.099592
0.060399
0.106611
0.051572
0.091218
0.231967
0.181820
0.171511
0.172815
0.106698
0.096182
0.108922
0.183716
0.055581
0.077558
0.137795
0.118632
0.117781
0.121374
0.119626
0.170392
0.083987
0.083456
0.050115
0.085329
0.094411
0.082289
0.120225
0.193987
0.139443
0.067856
0.085981
0.098484
0.062606
0.097169
0.079158
0.088382
0.062948
0.078609
0.079679
0.083671
0.114721
0.109521
0.098255
0.110656
0.177040
0.118773
0.082108
0.111051
0.124979
0.124307
0.083094
0.121688
0.038441
0.077741
0.058093
0.158274
0.108335
0.134369
0.091979
0.243917
0.057482
0.140193
0.043379
0.122026
0.098898
0.228889
0.174449
0.068529
0.147093
0.107183
0.077941
0.118609
0.064733
0.107483
0.096103
0.077552
0.064378
0.146280
0.073736
0.211041
0.097543
0.085176
0.079893
0.064993
0.122938
0.097631
0.111135
0.120554
0.133914
0.073646
0.047511
0.106224
0.190675
0.144185
0.286510
0.246986
0.101837
0.065717
0.048064
0.152946
0.145730
0.053596
0.069912
0.155518
0.133831
0.061994
0.059514
0.069090
0.129806
0.060183
0.067508
0.096122
0.096146
0.094823
0.192181
0.043772
0.049415
0.079625
0.080786
0.092206
0.077543
0.039805
0.143667
0.089942
0.193338
0.138260
0.170368
0.119976
0.087503
0.057058
0.151771
0.085682
0.056295
0.107369
0.057230
0.120315
0.073852
0.067095
0.143295
0.071009
0.175317
0.058321
0.181960
0.046643
0.073461
0.122555
0.085783
0.063498
0.077780
0.069088
0.064490
0.050169
0.075946
0.060504
0.063727
0.062198
0.033171
0.111042
0.113498
0.037210
0.051882
0.048242
0.078087
0.157777
0.085830
0.052854
0.076035
0.097282
0.049636
0.114497
0.175111
0.091541
0.139209
0.086422
0.036592
0.128266
0.074691
0.058864
0.068830
0.066567
0.052639
0.127002
0.046656
0.096454
0.050558
0.034029
0.081828
0.045594
0.100252
0.094128
0.085829
0.108441
0.079719
0.060421
0.059485
0.084452
0.190527
0.100869
0.040182
0.050297
0.072379
0.060887
0.051164
0.142754
0.054878
0.084373
0.070977
0.134390
0.113637
0.082296
0.155140
0.070644
0.159462
0.114004
0.070599
0.049117
0.065171
0.147200
0.092158
0.073209
0.072511
0.047125
0.152987
0.132503
0.075225
0.094490
0.097076
0.082124
0.089868
0.094197
0.054196
0.095705
0.040787
0.052407
0.051844
0.132353
0.030284
0.114349
0.035433
0.104767
0.162160
0.075835
0.074635
0.103272
0.103561
0.025546
0.050572
0.077014
0.053077
0.067129
0.126471
0.060380
0.084241
0.057440
0.047439
0.108226
0.134493
0.072977
0.085508
0.131176
0.061741
0.033238
0.204096
0.073338
0.087656
0.072021
0.097533
0.155170
0.047673
0.108821
0.069955
0.106022
0.140769
0.047716
0.087687
0.064521
0.151634
0.026222
0.118903
0.120747
0.061851
0.071629
0.026961
0.128921
0.095316
0.057445
0.128906
0.117123
0.069745
0.044856
0.138173
0.160770
0.055793
0.045174
0.117654
0.061315
0.091607
0.093802
0.094146
0.042348
0.065883
0.086504
0.054893
0.199758
0.057679
0.156119
0.063351
0.100787
0.157431
0.026199
0.030992
0.062927
0.044271
0.090876
0.104499
0.116182
0.132592
0.078123
0.070697
0.174383
0.104053
0.122905
0.089892
0.125532
0.069570
0.091446
0.035460
0.138214
0.056484
0.036569
0.095143
0.064151
0.073197
0.030715
0.097969
0.066992
0.066252
0.055900
0.149975
0.142573
0.114783
0.049220
0.047514
0.066067
0.124814
0.040384
0.124380
0.076417
0.146166
0.103653
0.158848
0.108147
0.052790
0.118419
0.073892
0.032042
0.118968
0.101712
0.102568
0.039687
0.064357
0.039204
0.194998
0.041648
0.045858
0.040803
0.047483
0.114096
0.071603
0.053422
0.064119
0.039342
0.099194
0.167895
0.172342
0.100671
0.045189
0.082091
0.039628
0.059076
0.071708
0.032388
0.102700
0.058382
0.066803
0.038670
0.058632
0.038679
0.054325
0.083136
0.044841
0.074497
0.068031
0.042279
0.037554
0.037348
0.070693
0.037973
0.021926
0.137382
0.050520
0.173377
0.072364
0.070709
0.085666
0.086321
0.121982
0.062064
0.105589
0.126242
0.106413
0.070145
0.100470
0.029075
0.054857
0.035107
0.053096
0.031312
0.057227
0.043026
0.051354
0.053387
0.073781
0.091778
0.038549
0.051023
0.037896
0.060676
0.031826
0.081667
0.038551
0.069529
0.083645
0.166260
0.087330
0.103106
0.056141
0.081140
0.058248
0.083390
0.110095
0.047281
0.115568
0.107536
0.086130
0.146394
0.058697
0.050495
0.030303
0.039176
0.091147
0.071274
0.049921
0.053306
0.166147
0.191016
0.038572
0.066718
0.201209
0.050525
0.073719
0.093045
0.077008
0.064637
0.085394
0.125975
0.204276
0.072321
0.123018
0.038928
0.074487
0.053734
0.159979
0.050977
0.074684
0.065301
0.054623
0.136697
0.041466
0.084742
0.060200
0.060001
0.036015
0.112481
0.014907
0.049392
0.060730
0.038021
0.052485
0.058844
0.028916
0.030094
0.180631
0.055127
0.053330
0.153035
0.086754
0.067702
0.060685
0.051024
0.144407
0.087220
0.076929
0.168467
0.040014
0.057081
0.100708
0.152199
0.117883
0.031190
0.114801
0.052831
0.056354
0.093470
0.029019
0.067344
0.077639
0.086087
0.051297
0.108499
0.151438
0.075752
0.044719
0.125771
0.018666
0.056017
0.091143
0.058421
0.088386
0.058105
0.049999
0.054277
0.177022
0.035230
0.085741
0.058633
0.101974
0.081679
0.059494
0.050314
0.057635
0.051659
0.052927
0.088985
0.021572
0.056198
0.093615
0.060064
0.110801
0.081619
0.093069
0.074394
0.052257
0.063401
0.092495
0.072233
0.098725
0.054555
0.084310
0.137234
0.106919
0.043471
0.144869
0.158605
0.051881
0.082162
0.057457
0.061276
0.052905
0.055294
0.036401
0.058480
0.071387
0.065161
0.068193
0.044838
0.097140
0.079668
0.088944
0.138318
0.108684
0.059980
0.056553
0.077020
0.020802
0.054103
0.071707
0.057700
0.094866
0.066366
0.040880
0.075228
0.044854
0.043556
0.091752
0.075971
0.032632
0.114368
0.058327
0.159322
0.050283
0.090165
0.074643
0.061693
0.067458
0.069344
0.039202
0.077847
0.072946
0.045658
0.067072
0.046385
0.044550
0.074336
0.099649
0.044556
0.154780
0.060199
0.050060
0.101259
0.067019
0.044254
0.060063
0.097001
0.040186
0.038523
0.067280
0.048322
0.067929
0.088838
0.071336
0.056680
0.104244
0.087644
0.076391
0.030275
0.054414
0.071753
0.059159
0.074302
0.119421
0.060968
0.043570
0.086153
0.084795
0.041617
0.063033
0.038368
0.076910
0.131679
0.014120
0.044775
0.067347
0.083587
0.057176
0.028621
0.052905
0.043236
0.037402
0.048096
0.149501
0.114479
0.093410
0.086541
0.041740
0.080452
0.054531
0.070875
0.043043
0.060103
0.082115
0.064761
0.019088
0.051978
0.019617
0.093565
0.048783
0.118967
0.086514
0.056089
0.095616
0.074468
0.256715
0.065533
0.060852
0.046623
0.081263
0.104300
0.031718
0.029668
0.049595
0.095199
0.044296
0.023814
0.112912
0.020437
0.053292
0.050660
0.060490
0.061050
0.024770
0.033362
0.031884
0.066657
0.027325
0.077413
0.063387
0.084333
0.034886
0.054719
0.037664
0.077342
0.077793
0.046519
0.102807
0.047361
0.106186
0.111073
0.054517
0.019988
0.042374
0.023499
0.063512
0.043228
0.035244
0.066140
0.118370
0.040975
0.035347
0.053326
0.032607
0.051325
0.082442
0.040921
0.027810
0.095880
0.027481
0.054723
0.085671
0.120395
0.050344
0.064163
0.073596
0.037264
0.046728
0.086227
0.084288
0.115395
0.040296
0.029455
0.110973
0.089336
0.078542
0.107350
0.056484
0.108432
0.052908
0.018527
0.031831
0.092906
0.049904
0.034618
0.049637
0.025996
0.083906
0.048181
0.058262
0.042526
0.043307
0.045898
0.041927
0.085484
0.034884
0.094412
0.066185
0.042689
0.034015
0.077181
0.071992
0.036866
0.138232
0.043163
0.033859
0.028972
0.094398
0.051440
0.034121
0.044716
0.034121
0.075391
0.054258
0.170825
0.050680
0.023896
0.076129
0.099718
0.036886
0.020244
0.063743
0.075520
0.047166
0.032239
0.037087
0.027402
0.056134
0.034064
0.053958
0.022151
0.025440
0.049504
0.060212
0.023357
0.030887
0.063401
0.073245
0.082143
0.083700
0.065463
0.059964
0.057694
0.110199
0.041208
0.042191
0.046700
0.087605
0.103813
0.077929
0.088949
0.048103
0.029736
0.049703
0.022139
0.022721
0.024178
0.118667
0.018900
0.031483
0.037380
0.096185
0.035318
0.069722
0.024220
0.044760
0.022716
0.012608
0.034661
0.023681
0.125301
0.105499
0.078267
0.023731
0.024446
0.043766
0.036830
0.057995
0.021219
0.055406
0.034305
0.045223
0.054138
0.036766
0.069700
0.051364
0.035648
0.072397
0.024029
0.034514
0.040784
0.033574
0.056864
0.073268
0.141570
0.044062
0.038379
0.096031
0.057660
0.034513
0.009846
0.081105
0.042430
0.046939
0.048517
0.029068
0.083470
0.061106
0.053671
0.016541
0.036370
0.037458
0.075097
0.043137
0.060671
0.019673
0.035441
0.044322
0.089987
0.017318
0.058010
0.074482
0.047353
0.052575
0.063439
0.067646
0.085874
0.039054
0.073463
0.060014
0.022350
0.039928
0.075640
0.174351
0.026894
0.051098
0.015081
0.084992
0.123720
0.130513
0.041144
0.057569
0.043607
0.103210
0.112289
0.046521
0.047073
0.018350
0.073265
0.120156
0.039092
0.064537
0.072397
0.053055
0.096150
0.026614
0.087820
0.020105
0.034988
0.068996
0.045989
0.021992
0.024477
0.089585
0.081149
0.038565
0.084528
0.057419
0.029504
0.067654
0.022912
0.053427
0.019953
0.081275
0.034993
0.095150
0.082709
0.043071
0.033338
0.012822
0.026531
0.044091
0.037032
0.096486
0.016758
0.074765
0.014122
0.030587
0.037777
0.051850
0.048740
0.049517
0.039180
0.111668
0.023420
0.051316
0.018677
0.030831
0.089611
0.028677
0.034246
0.016153
0.037804
0.042337
0.075150
0.026693
0.012099
0.011596
0.019790
0.053834
0.034758
0.093414
0.114452
0.084035
0.073956
0.055578
0.041898
0.017348
0.104996
0.015413
0.082337
0.053062
0.039866
0.165416
0.079084
0.143777
0.024193
0.045524
0.122609
0.064960
0.077034
0.020480
0.043105
0.051526
0.047609
0.087609
0.127635
0.018848
0.055585
0.092358
0.059428
0.038153
0.040838
0.060550
0.019886
0.064828
0.028463
0.116534
0.053130
0.049636
0.060907
0.055970
0.082294
0.038823
0.036604
0.057529
0.039613
0.083881
0.035496
0.096556
0.056022
0.079035
0.015886
0.053995
0.078641
0.044422
0.043540
0.135813
0.040382
0.046793
0.051419
0.025647
0.028971
0.085719
0.041401
0.027945
0.043954
0.025876
0.033391
0.039802
0.033334
0.083982
0.051002
0.044454
0.091307
0.099349
0.047978
0.058537
0.029290
0.030030
0.038012
0.057347
0.038926
0.048399
0.027521
0.026045
0.021565
0.095337
0.016505
0.055450
0.026858
0.118820
0.017125
0.036602
0.028330
0.036221
0.045168
0.046226
0.064204
0.034746
0.144598
0.023512
0.013126
0.062969
0.042813
0.044545
0.025001
0.013295
0.056133
0.023831
0.045875
0.087425
0.037505
0.015807
0.018747
0.079279
0.044734
0.033123
0.030647
0.046300
0.057878
0.026798
0.017307
0.085295
0.022729
0.021625
0.105703
0.041397
0.114856
0.033039
0.071051
0.084764
0.049273
0.009507
0.022786
0.072016
0.076403
0.041179
0.030518
0.018110
0.024552
0.032306
0.032394
0.044075
0.010769
0.052427
0.015624
0.073724
0.072467
0.014032
0.048822
0.060560
0.034714
0.048740
0.026860
0.079629
0.079618
0.024215
0.053973
0.045958
0.024443
0.026752
0.111081
0.027757
0.011101
0.071561
0.078111
0.023940
0.031431
0.042775
0.038200
0.032220
0.049828
0.095625
0.044829
0.027860
0.053681
0.056041
0.073224
0.061591
0.037339
0.039588
0.058560
0.023365
0.075003
0.021871
0.029566
0.039127
0.032678
0.100034
0.050501
0.022528
0.057119
0.082944
0.019935
0.048751
0.025094
0.028066
0.060829
0.068030
0.075954
0.044638
0.052022
0.033269
0.033047
0.039880
0.022677
0.025971
0.042320
0.072174
0.036085
0.043112
0.057342
0.019483
0.066803
0.075057
0.055903
0.032564
0.014593
0.064061
0.037571
0.102209
0.035167
0.029406
0.051984
0.044756
0.062882
0.070396
0.017883
0.022163
0.093633
0.095001
0.027802
0.010009
0.028247
0.025517
0.051626
0.029981
0.055873
0.062572
0.031061
0.028356
0.062104
0.028683
0.024175
0.064644
0.027292
0.017340
0.041819
0.004346
0.021553
0.028126
0.087004
0.061851
0.046266
0.049996
0.191708
0.026671
0.014975
0.047877
0.029096
0.034905
0.014965
0.043022
0.043230
0.041639
0.046224
0.011806
0.038368
0.038585
0.059002
0.027622
0.023092
0.031254
0.029354
0.053156
0.072189
0.042483
0.057327
0.073074
0.058738
0.085577
0.046443
0.033105
0.022506
0.068230
0.085205
0.012314
0.091982
0.060102
0.057597
0.056242
0.073988
0.034987
0.032296
0.055206
0.054507
0.017635
0.027062
0.031367
0.041628
0.021685
0.020352
0.065413
0.029971
0.081918
0.020830
0.030460
0.026550
0.038575
0.069067
0.067429
0.081814
0.036983
0.012140
0.055066
0.025221
0.021052
0.023179
0.019120
0.047152
0.016811
0.041290
0.017315
0.043083
0.044586
0.103309
0.077099
0.051244
0.050287
0.024802
0.037093
0.044405
0.053890
0.006992
0.029470
0.066821
0.018037
0.053137
0.057520
0.039779
0.019770
0.022238
0.069025
0.022459
0.019616
0.019660
0.041441
0.032548
0.014415
0.037604
0.033717
0.053469
0.017039
0.065670
0.012579
0.020104
0.022616
0.017757
0.023386
0.078566
0.072659
0.025274
0.081145
0.111291
