2.097502
2.216478
2.037944
2.128995
1.757717
1.727395
2.241999
1.602077
1.356801
1.712885
1.637323
1.353681
1.018539
0.822976
0.796399
0.888684
0.986357
0.970777
0.974798
0.581224
0.651251
0.609625
0.551222
0.556962
0.503779
0.700044
0.621608
0.504042
0.504760
0.602271
0.630242
0.605852
0.562223
0.483165
0.440078
0.433967
0.451850
0.334612
0.452437
0.481410
0.474521
0.273279
0.348589
0.410970
0.501239
0.407950
0.344079
0.489473
0.486683
0.442297
0.402720
0.318491
0.263263
0.346335
0.347125
0.297920
0.305890
0.247840
0.274654
0.345151
0.301186
0.352208
0.357564
0.322718
0.309428
0.274936
0.294601
0.286034
0.276641
0.159371
0.378087
0.290034
0.234613
0.272229
0.176520
0.138588
0.182725
0.291887
0.232782
0.180655
0.177273
0.229837
0.396404
0.272831
0.212407
0.274452
0.300640
0.188834
0.228943
0.165090
0.199683
0.251296
0.219838
0.297646
0.204675
0.235918
0.422298
0.214389
0.171634
0.207101
0.197534
0.191168
0.221133
0.156966
0.211182
0.234358
0.239564
0.172095
0.286848
0.100251
0.179077
0.189966
0.242526
0.126416
0.229868
0.146225
0.288740
0.261075
0.218557
0.187703
0.219076
0.245369
0.196849
0.184892
0.112540
0.220779
0.225583
0.208181
0.217556
0.163540
0.091655
0.206729
0.161111
0.277764
0.191926
0.168751
0.181284
0.218647
0.169882
0.172593
0.189888
0.166975
0.150404
0.136127
0.192448
0.143559
0.216160
0.194512
0.144785
0.082607
0.190867
0.086872
0.185622
0.145088
0.109724
0.288666
0.215803
0.116492
0.116586
0.091419
0.274826
0.117460
0.182385
0.130470
0.245632
0.245794
0.092862
0.219271
0.118050
0.098294
0.216528
0.103736
0.163453
0.104980
0.134842
0.188843
0.101924
0.080723
0.070740
0.121627
0.183351
0.167860
0.161818
0.176252
0.148942
0.101088
0.172559
0.118250
0.116375
0.128843
0.216152
0.079809
0.175492
0.140510
0.068580
0.114105
0.264424
0.154907
0.213515
0.152735
0.088797
0.156188
0.148931
0.105223
0.105285
0.189553
0.126725
0.074938
0.217177
0.098096
0.145168
0.094662
0.128967
0.193503
0.131349
0.135562
0.347373
0.133423
0.172809
0.096390
0.145025
0.145650
0.119152
0.086178
0.164053
0.089775
0.143549
0.183758
0.106358
0.119720
0.145563
0.163180
0.101393
0.229777
0.105229
0.197761
0.132998
0.210841
0.143612
0.090448
0.162980
0.155760
0.145610
0.105500
0.195161
0.180248
0.230400
0.150386
0.171136
0.066506
0.172952
0.159440
0.111269
0.087072
0.090389
0.103730
0.100318
0.131087
0.117551
0.172421
0.105105
0.163505
0.114377
0.136119
0.111253
0.113733
0.160260
0.120793
0.113155
0.078914
0.055657
0.095832
0.117424
0.178878
0.115701
0.205746
0.110107
0.059220
0.164736
0.069634
0.142083
0.108856
0.107241
0.118713
0.107468
0.097258
0.061282
0.129934
0.098436
0.151593
0.117681
0.151777
0.164179
0.117233
0.055749
0.103454
0.085601
0.105102
0.158700
0.132810
0.075279
0.148779
0.156321
0.245623
0.089788
0.152989
0.069551
0.120088
0.112999
0.063847
0.152421
0.100575
0.109497
0.134635
0.110237
0.079835
0.145613
0.153994
0.147538
0.100638
0.165839
0.111604
0.112282
0.121043
0.089434
0.209441
0.068879
0.146425
0.198081
0.059821
0.042657
0.125315
0.175909
0.059700
0.133019
0.099315
0.163413
0.101600
0.075124
0.133426
0.113026
0.107116
0.088474
0.064296
0.203304
0.166129
0.050604
0.110164
0.143428
0.103450
0.141957
0.181326
0.163487
0.070193
0.112273
0.160455
0.093770
0.082870
0.121829
0.069381
0.051561
0.140104
0.114285
0.136536
0.089328
0.117634
0.144236
0.058961
0.081146
0.085012
0.083854
0.086825
0.039702
0.103752
0.143794
0.077032
0.205696
0.102483
0.119606
0.198254
0.092874
0.212258
0.076549
0.087669
0.092756
0.144425
0.094336
0.056475
0.081419
0.114531
0.195336
0.132266
0.133398
0.058641
0.162679
0.115232
0.084956
0.107956
0.114051
0.112431
0.066894
0.174849
0.132736
0.141144
0.103568
0.081112
0.103492
0.103446
0.102707
0.112736
0.080604
0.108410
0.085129
0.106084
0.116296
0.101024
0.166709
0.119375
0.094553
0.122532
0.053689
0.093578
0.082513
0.099495
0.087143
0.043463
0.159058
0.110099
0.069554
0.072707
0.095651
0.050710
0.087877
0.064519
0.049134
0.051600
0.162799
0.075719
0.093039
0.036734
0.098406
0.097967
0.063163
0.141099
0.106954
0.090132
0.104543
0.131106
0.124995
0.070001
0.068466
0.063538
0.043306
0.088182
0.121412
0.071683
0.097021
0.161104
0.057461
0.079638
0.060626
0.099280
0.177387
0.200609
0.131177
0.059555
0.117370
0.085901
0.064615
0.112801
0.199967
0.054113
0.083479
0.064858
0.054560
0.087271
0.099815
0.079847
0.056229
0.077919
0.104909
0.054961
0.097792
0.068356
0.089134
0.045672
0.061911
0.210611
0.095129
0.107187
0.067283
0.225549
0.117948
0.052524
0.082970
0.106925
0.057417
0.108556
0.073680
0.057765
0.047373
0.053964
0.070405
0.072502
0.077387
0.083069
0.089211
0.101087
0.142344
0.081868
0.116870
0.061391
0.072069
0.108512
0.079983
0.134382
0.092348
0.142054
0.072575
0.057204
0.083421
0.109388
0.058290
0.068992
0.071571
0.069160
0.049267
0.079782
0.042371
0.049226
0.118160
0.051738
0.105862
0.075662
0.051414
0.099161
0.166386
0.158940
0.096034
0.093426
0.057348
0.069368
0.073759
0.061129
0.069523
0.053344
0.204690
0.143175
0.126850
0.051425
0.141252
0.058434
0.056382
0.042909
0.076070
0.098203
0.069307
0.072839
0.055204
0.088036
0.067316
0.087432
0.101818
0.079782
0.043134
0.156885
0.118980
0.113939
0.113712
0.052343
0.143962
0.116251
0.114490
0.076968
0.068161
0.170893
0.084745
0.042572
0.060641
0.100025
0.104294
0.097665
0.069890
0.136258
0.085366
0.047031
0.101534
0.097112
0.118944
0.053847
0.089697
0.057987
0.041254
0.120246
0.081239
0.094371
0.088520
0.090219
0.121685
0.105873
0.122040
0.072923
0.108831
0.136977
0.076872
0.078551
0.097571
0.107071
0.070970
0.101155
0.114898
0.072615
0.060385
0.065938
0.063020
0.095022
0.066404
0.061824
0.067015
0.074044
0.075275
0.051614
0.061520
0.062618
0.122419
0.050652
0.040180
0.081035
0.080644
0.080032
0.081836
0.068759
0.039282
0.075652
0.074488
0.073527
0.039304
0.040742
0.073543
0.095963
0.065954
0.081168
0.064896
0.140182
0.065420
0.073257
0.087894
0.081710
0.067013
0.074014
0.138030
0.053431
0.085635
0.074865
0.094957
0.068981
0.057054
0.056894
0.128119
0.204364
0.117922
0.063805
0.101897
0.046252
0.065022
0.036217
0.067308
0.046148
0.035701
0.134373
0.090739
0.077948
0.114846
0.105378
0.101339
0.081354
0.075039
0.061834
0.052212
0.026869
0.070449
0.098830
0.046098
0.172376
0.053473
0.150316
0.089980
0.066633
0.137272
0.066645
0.028427
0.101246
0.084960
0.058180
0.044754
0.106709
0.054850
0.122592
0.055764
0.159772
0.086243
0.028134
0.132262
0.081320
0.082761
0.071005
0.036828
0.076030
0.082118
0.113601
0.127238
0.094658
0.081759
0.096471
0.078984
0.045746
0.059589
0.029014
0.113858
0.103938
0.060734
0.091364
0.064354
0.095604
0.048593
0.113763
0.090646
0.101545
0.053424
0.090707
0.082539
0.044653
0.044204
0.083693
0.070762
0.125939
0.104955
0.045379
0.044318
0.070201
0.058763
0.059369
0.071660
0.053822
0.085616
0.104197
0.074590
0.040113
0.048151
0.058095
0.128931
0.039354
0.056710
0.111506
0.068057
0.080473
0.089928
0.104169
0.084138
0.056151
0.082025
0.047878
0.072652
0.043196
0.054007
0.086504
0.041782
0.072587
0.048595
0.024308
0.066443
0.028621
0.048377
0.055012
0.025217
0.103563
0.026825
0.027182
0.100630
0.064809
0.101964
0.040081
0.039941
0.063313
0.048180
0.137062
0.041799
0.148999
0.041768
0.065739
0.035840
0.029798
0.048229
0.089470
0.079979
0.060553
0.046525
0.114889
0.084303
0.046575
0.074616
0.023913
0.088089
0.081287
0.068042
0.074255
0.039370
0.079694
0.056015
0.023720
0.080794
0.033511
0.070241
0.102899
0.059009
0.101863
0.096644
0.055701
0.047612
0.079330
0.089910
0.084219
0.066049
0.035716
0.090592
0.112688
0.114933
0.067918
0.055031
0.044025
0.123687
0.114040
0.068999
0.068582
0.060487
0.160883
0.084408
0.110530
0.084915
0.042139
0.043429
0.070146
0.062866
0.073153
0.115950
0.073540
0.062751
0.061282
0.045376
0.032410
0.095103
0.041505
0.076764
0.161480
0.062529
0.070315
0.100934
0.065806
0.039635
0.041958
0.050707
0.047244
0.098186
0.052919
0.036982
0.136795
0.068516
0.038614
0.032332
0.069354
0.014635
0.098661
0.039759
0.028067
0.050834
0.035614
0.059977
0.055847
0.038136
0.038875
0.109831
0.104604
0.041850
0.067983
0.095190
0.090694
0.042134
0.020069
0.041023
0.077758
0.070063
0.037860
0.073398
0.077249
0.077814
0.026677
0.055606
0.030450
0.064012
0.040684
0.034913
0.051366
0.102618
0.036414
0.065904
0.027021
0.066629
0.039804
0.044717
0.067597
0.076608
0.073710
0.025426
0.027453
0.018751
0.071142
0.082923
0.064871
0.036016
0.070739
0.057957
0.058426
0.092917
0.021953
0.096561
0.102516
0.058780
0.094219
0.067388
0.071837
0.023627
0.066267
0.038813
0.037875
0.034834
0.110154
0.042990
0.033257
0.036248
0.089749
0.119080
0.050237
0.060693
0.014805
0.081995
0.044383
0.043356
0.038545
0.054493
0.088868
0.051897
0.030203
0.048964
0.054466
0.094244
0.071534
0.026410
0.086430
0.028501
0.067634
0.064589
0.079222
0.033578
0.040330
0.069630
0.041928
0.031705
0.188802
0.032899
0.028596
0.049580
0.020054
0.122194
0.089416
0.021898
0.070125
0.102247
0.136105
0.054304
0.049402
0.037190
0.094628
0.065089
0.111732
0.102815
0.054707
0.098975
0.033716
0.051434
0.084645
0.050222
0.037624
0.135817
0.072471
0.039648
0.113419
0.043073
0.036698
0.022721
0.038685
0.060327
0.089363
0.133221
0.106486
0.047445
0.068493
0.076781
0.023502
0.087070
0.038286
0.105143
0.064973
0.132822
0.049332
0.042108
0.091250
0.037364
0.090813
0.034696
0.023642
0.068234
0.053686
0.033437
0.093156
0.076596
0.047411
0.121403
0.079397
0.040338
0.062922
0.071316
0.057830
0.095418
0.080460
0.052016
0.114788
0.098648
0.023296
0.097106
0.042999
0.038414
0.048672
0.053638
0.155723
0.092313
0.023227
0.048796
0.031130
0.054288
0.037544
0.060803
0.045952
0.029806
0.054620
0.070347
0.044486
0.035656
0.063982
0.070637
0.077321
0.066265
0.040822
0.092658
0.070595
0.063984
0.029473
0.054341
0.079425
0.048104
0.055788
0.109116
0.024002
0.096856
0.117130
0.109383
0.073914
0.059670
0.057240
0.110350
0.037418
0.061366
0.066581
0.120849
0.074582
0.036919
0.032249
0.059741
0.022599
0.041683
0.156742
0.053107
0.032215
0.059269
0.076303
0.053302
0.044782
0.043214
0.030138
0.069028
0.064581
0.151172
0.048311
0.117194
0.040168
0.032449
0.041272
0.014279
0.059146
0.088020
0.058534
0.037827
0.043044
0.084845
0.072276
0.055298
0.133032
0.033488
0.042987
0.055004
0.037838
0.060967
0.049099
0.124720
0.074240
0.078339
0.051764
0.044183
0.060442
0.078393
0.113354
0.096596
0.037969
0.086012
0.141766
0.083947
0.055374
0.126325
0.024957
0.023553
0.019817
0.035693
0.059967
0.045476
0.067092
0.116746
0.090388
0.054080
0.050027
0.071149
0.030638
0.050580
0.022403
0.058053
0.051120
0.039276
0.076035
0.071669
0.031648
0.065259
0.063202
0.051502
0.056580
0.070077
0.028532
0.048192
0.115541
0.065084
0.031622
0.031739
0.028930
0.055305
0.089557
0.071441
0.099366
0.033093
0.024813
0.066650
0.030112
0.048250
0.107647
0.025515
0.080831
0.042471
0.079473
0.039942
0.075253
0.040794
0.141802
0.023206
0.062826
0.040907
0.050047
0.030190
0.055124
0.052380
0.034697
0.053863
0.021076
0.028647
0.037043
0.041018
0.077799
0.036884
0.088404
0.057531
0.115263
0.033349
0.071537
0.041187
0.036924
0.035387
0.054382
0.069428
0.028646
0.067601
0.032382
0.031383
0.065471
0.088842
0.052340
0.109339
0.062359
0.038383
0.036728
0.026239
0.080394
0.052926
0.050424
0.078204
0.068552
0.128392
0.148999
0.060337
0.028239
0.037358
0.093395
0.102304
0.027725
0.072226
0.057048
0.031497
0.080059
0.063197
0.034001
0.019210
0.098694
0.054091
0.042218
0.041467
0.055476
0.045815
0.112511
0.034885
0.031803
0.028972
0.030757
0.109264
0.041432
0.095369
0.079076
0.035436
0.035525
0.029417
0.038847
0.048626
0.108237
0.044664
0.030174
0.060332
0.095565
0.057456
0.044608
0.040921
0.027933
0.023999
0.021980
0.046921
0.137510
0.045390
0.029648
0.036658
0.030433
0.041409
0.045257
0.029258
0.034652
0.015191
0.024187
0.069822
0.040310
0.041076
0.038996
0.123581
0.057619
0.073621
0.055802
0.017543
0.064693
0.058398
0.025023
0.136208
0.057790
0.055228
0.052912
0.047390
0.040210
0.082181
0.043264
0.044132
0.062769
0.037839
0.046551
0.061562
0.113660
0.053637
0.026169
0.043893
0.025447
0.045882
0.059996
0.038711
0.017105
0.057342
0.049893
0.085831
0.043220
0.028242
0.046955
0.050909
0.013038
0.054419
0.042478
0.074561
0.042166
0.049552
0.084316
0.034613
0.029875
0.027554
0.061137
0.024198
0.078350
0.019760
0.037369
0.049356
0.081359
0.043336
0.051740
0.051541
0.021728
0.041021
0.032858
0.041833
0.029235
0.048626
0.014391
0.048195
0.042633
0.037146
0.054576
0.071809
0.025602
0.027946
0.024409
0.071913
0.048452
0.018473
0.041180
0.054843
0.044184
0.069238
0.016682
0.054079
0.053633
0.073223
0.063431
0.094102
0.113673
0.017717
0.022214
0.028930
0.041167
0.025951
0.047970
0.102255
0.060635
0.144942
0.017702
0.070150
0.117673
0.079150
0.012213
0.095116
0.020061
0.020861
0.059497
0.063597
0.033179
0.099166
0.070332
0.044718
0.023713
0.091449
0.030671
0.025152
0.023512
0.038471
0.039696
0.044017
0.071244
0.037161
0.133260
0.046954
0.061506
0.044197
0.052854
0.106127
0.053598
0.049537
0.050520
0.035910
0.026174
0.018062
0.037641
0.014742
0.060684
0.039037
0.047482
0.054449
0.070449
0.020163
0.056504
0.079290
0.050221
0.073957
0.045391
0.045022
0.016568
0.075531
0.065551
0.056687
0.017463
0.058468
0.061206
0.059996
0.066629
0.059623
0.034994
0.072115
0.044590
0.046520
0.047370
0.046798
0.023902
0.027053
0.057089
0.050751
0.028052
0.084261
0.083001
0.044578
0.033196
0.068515
0.040133
0.062194
0.056945
0.078369
0.028375
0.043866
0.028706
0.030336
0.026573
0.038835
0.061054
0.043110
0.066702
0.023386
0.020652
0.045232
0.034740
0.063519
0.037635
0.058421
0.069470
0.033458
0.045870
0.046706
0.028092
0.034628
0.024740
0.075506
0.065584
0.031794
0.029945
0.043695
0.052248
0.061396
0.046221
0.030835
0.020818
0.173050
0.030384
0.033560
0.072973
0.051876
0.026673
0.080233
0.035991
0.023245
0.027384
0.024167
0.040545
0.041873
0.037756
0.031001
0.028567
0.056249
0.060261
0.124470
0.055257
0.045360
0.072983
0.080200
0.037018
0.042784
0.044622
0.120582
0.087649
0.026045
0.095736
0.051942
0.016184
0.044559
0.055500
0.035375
0.051794
0.024427
0.049779
0.087612
0.018692
0.120362
0.034543
0.038950
0.019026
0.041712
0.065970
0.023565
0.101141
0.024790
0.033247
0.054924
0.062640
0.020611
0.074079
0.083489
0.041477
0.070631
0.034315
0.031997
0.033953
0.026909
0.166261
0.136495
0.069745
0.059285
0.067245
0.042321
0.028741
0.051305
0.061296
0.038812
0.040796
0.067024
0.074954
0.023755
0.045979
0.035261
0.085542
0.049761
0.063506
0.035988
0.030000
0.029330
0.069963
0.020978
0.056575
0.061188
0.060844
0.081509
0.079851
0.032447
0.042339
0.032570
0.071055
0.037945
0.094031
0.036602
0.027459
0.033550
0.050435
0.053366
0.009144
0.032325
0.040760
0.019268
0.048250
0.066174
0.076117
0.054551
0.110785
0.024480
0.088796
0.047856
0.079711
0.030622
0.049741
0.062807
0.025358
0.051886
0.051417
0.040207
0.060549
0.036697
0.043778
0.072201
0.058209
0.043962
0.047837
0.013665
0.053309
0.030186
0.031963
0.033752
0.033935
0.017206
0.047791
0.026045
0.048540
0.017889
0.018918
0.046461
0.016025
0.041355
0.075171
0.018950
0.085396
0.063903
0.048128
0.073673
0.033289
0.038512
0.043195
0.073196
0.030210
0.033609
0.050538
0.029596
0.077228
0.057282
0.040568
0.037229
0.070376
0.049186
0.016487
0.062350
0.112074
0.052747
0.071544
0.059901
0.056904
0.038649
0.040938
0.017820
0.078514
0.040487
0.120042
0.158089
0.026254
0.085629
0.039449
0.032417
0.111029
0.041628
0.060101
0.046368
0.063302
0.051196
0.075445
0.016192
0.074614
0.027605
0.040046
0.023379
0.025759
0.061391
0.041201
0.042843
0.022889
0.029626
0.099486
0.044056
0.042927
0.020704
0.050095
0.048919
0.069013
0.031840
0.042211
0.044376
0.023663
0.054700
0.027688
0.017926
0.023422
0.034621
0.028161
0.103697
0.227512
0.015418
0.033336
0.038338
0.041130
0.028209
0.023792
0.032379
0.021279
0.044810
0.068100
0.030866
0.057700
0.017541
0.051866
0.026763
0.019238
0.053132
0.095034
0.117055
0.068339
0.049876
0.042469
0.027046
0.070936
0.038774
0.022137
0.053418
0.077490
0.033787
0.026354
0.092598
0.016666
0.145813
0.019870
0.016448
0.053546
0.063764
0.028836
0.065178
0.027967
0.018292
0.032272
0.023823
0.051338
0.048549
0.035405
0.034446
0.028721
0.021763
0.099444
0.028561
0.064563
0.050202
0.022748
0.036190
0.043145
0.055106
0.024542
0.033168
0.035541
0.046271
0.058079
0.071649
0.028105
0.063453
0.034836
0.026268
0.091994
0.016164
0.022089
0.074481
0.029227
0.051771
0.034801
0.079204
0.051033
0.048024
0.029857
0.034966
0.016762
0.017531
0.026026
0.060286
0.031394
0.022292
0.015956
0.036093
0.027023
0.051396
0.043540
0.033980
0.020707
0.021435
0.110906
0.048575
0.015347
0.027300
0.036501
0.071540
0.023522
0.131661
0.038996
0.081073
0.050025
0.056180
0.035169
0.015709
0.019680
0.073639
0.091504
0.036003
0.072846
0.078329
0.038315
0.030809
0.053541
0.038472
0.042599
0.046342
0.031229
0.074143
0.041750
0.023353
0.077963
0.033741
0.021825
0.118932
0.115358
0.025172
0.059691
0.054776
0.025208
0.040671
0.072221
0.047365
0.025921
0.098786
0.018802
0.030722
0.024122
0.024414
0.111413
0.032391
0.051879
0.031814
0.043028
0.025378
0.032983
0.048951
0.045867
0.024081
0.075885
0.031083
0.042721
0.038230
0.022545
0.052585
0.016457
0.062782
0.108535
0.042708
0.031143
0.028031
0.080128
0.019761
0.019582
0.029727
0.023185
0.029629
0.094632
0.020774
0.080718
0.027705
0.085359
0.039461
0.033812
0.011429
0.075693
0.015078
0.079594
0.095700
0.046343
0.027720
0.043680
0.056065
0.069597
0.070281
0.060724
0.035540
0.044437
0.014334
0.043890
0.044056
0.015240
0.019339
0.037882
0.026476
0.031301
0.032249
0.014922
0.047664
0.024553
0.014861
0.064369
0.031125
0.026268
0.042992
0.025300
0.147563
0.039965
0.032044
0.033277
0.054591
0.033522
0.048531
0.045591
0.037262
0.029818
0.022260
0.027713
0.057996
0.022369
0.070199
0.057463
0.017826
0.041919
0.022721
0.020621
0.028226
0.031189
0.028016
0.068168
0.057711
0.027109
0.015479
0.023947
0.067666
0.036926
0.070969
0.031410
0.032457
0.036540
0.034324
0.030464
0.014565
0.021676
0.013403
0.014510
0.030703
0.017728
0.041761
0.023174
0.058235
0.044447
0.032164
0.020201
0.038290
0.041129
0.030136
0.029139
0.036666
0.068293
0.019869
0.028611
0.022647
0.022827
0.058038
0.088115
0.040103
0.012966
0.020871
0.017360
0.014385
0.050808
0.010496
0.012710
0.053568
0.117359
0.051043
0.059186
0.040156
0.037491
