2.293464
2.294111
2.295963
2.295278
2.294408
2.285005
2.284560
2.288613
2.287771
2.288948
2.282530
2.282577
2.274067
2.280397
2.275361
2.284596
2.271122
2.269652
2.269434
2.258943
2.262949
2.271969
2.251434
2.249977
2.252225
2.244206
2.244490
2.238075
2.233412
2.217478
2.221991
2.227431
2.220271
2.172569
2.189764
2.189314
2.160142
2.166316
2.167228
2.173724
2.125568
2.135980
2.098977
2.094306
2.091877
2.041004
2.032528
1.978273
1.968433
1.975399
1.934228
1.882930
1.993776
1.906663
1.880398
1.853276
1.840620
1.767053
1.809530
1.841241
1.710184
1.743415
1.701211
1.665296
1.641359
1.657290
1.508077
1.592591
1.504530
1.397197
1.435381
1.382866
1.371591
1.264498
1.299878
1.342473
1.584443
2.396643
1.547744
1.253032
1.261439
1.162129
1.097537
1.087964
1.048213
1.015465
1.065402
0.934828
0.970710
1.064151
1.065720
0.962065
1.076358
0.994688
1.136062
1.324819
1.074506
0.767747
0.914910
0.843911
0.836157
0.978013
0.960762
1.015380
0.866824
0.897663
0.901466
0.710168
0.793942
0.685038
0.713077
0.738725
0.693877
0.685054
0.664504
1.133629
0.907088
1.013477
0.814853
0.681693
0.866191
0.630294
0.559439
0.666090
0.626180
0.762710
0.591870
0.605680
0.630124
0.638684
0.711885
0.831198
0.635795
0.482371
0.641348
0.602568
0.651938
0.590240
0.639866
0.572606
0.530986
0.537363
0.725796
0.567042
0.461363
0.454785
0.589423
0.651231
0.657408
0.478076
0.750153
0.687895
0.513927
0.568100
0.580042
0.517351
0.346731
0.480115
0.492625
0.557474
0.654068
0.688470
0.567320
0.417398
0.445455
0.451887
0.425564
0.370688
0.600088
0.697505
0.499976
0.528012
0.528943
0.515082
0.540000
0.458733
0.492548
0.387652
0.298920
0.438087
0.361740
0.490244
0.437771
0.323137
0.527058
0.453441
0.596173
0.549718
0.348467
0.436055
0.351142
0.396455
0.379807
0.366766
0.331847
0.284876
0.425081
0.471534
0.318084
0.364811
0.332605
0.345910
0.323040
0.356163
0.323943
0.458708
0.536289
0.701842
0.925656
0.474926
0.270821
0.388263
0.364732
0.538987
0.426353
0.405228
0.263643
0.240028
0.258096
0.314817
0.285370
0.434461
0.477469
0.487730
0.307786
0.163790
0.370461
0.384238
0.293529
0.239694
0.363209
0.270462
0.389925
0.453495
0.279354
0.300796
0.266700
0.449166
0.494365
0.335349
0.266589
0.406388
0.291050
0.464965
0.235287
0.291535
0.180021
0.284829
0.322550
0.335775
0.411368
0.486698
0.525594
0.560377
0.353020
0.298789
0.287898
0.275887
0.349991
0.396429
0.253229
0.317430
0.303132
0.249117
0.351544
0.272629
0.309417
0.332133
0.367318
0.228438
0.273678
0.312205
0.320648
0.321454
0.284327
0.341486
0.397164
0.366269
0.215129
0.221528
0.199686
0.272221
0.215009
0.221446
0.331948
0.317189
0.215418
0.225288
0.355558
0.379276
0.318883
0.179739
0.435318
0.338251
0.284229
0.280846
0.262662
0.387421
0.373721
0.313608
0.211991
0.193074
0.246372
0.300170
0.324458
0.251379
0.219564
0.303392
0.233283
0.280370
0.241754
0.244116
0.348539
0.333318
0.248863
0.419339
0.435072
0.256195
0.188546
0.269005
0.283469
0.354424
0.229941
0.252560
0.309043
0.255767
0.164572
0.308505
0.237272
0.182021
0.184298
0.218661
0.207269
0.182526
0.131369
0.212664
0.201014
0.294147
0.219681
0.207846
0.181411
0.240894
0.288918
0.153469
0.280224
0.344172
0.270923
0.186795
0.188933
0.239296
0.199704
0.238535
0.195246
0.318045
0.336405
0.175418
0.309513
0.207931
0.239993
0.211831
0.195315
0.198577
0.177401
0.150897
0.206083
0.218456
0.183851
0.144321
0.170553
0.204450
0.207782
0.127050
0.227435
0.283771
0.190152
0.185902
0.175242
0.221518
0.364659
0.159334
0.312794
0.291288
0.193199
0.207902
0.089552
0.241490
0.197968
0.196206
0.295433
0.304992
0.190817
0.208502
0.194317
0.190686
0.205100
0.109547
0.191593
0.223090
0.124917
0.239185
0.221555
0.178956
0.208605
0.195753
0.173503
0.186222
0.206685
0.199889
0.288952
0.280928
0.348890
0.144815
0.138278
0.239461
0.191993
0.170071
0.193893
0.268568
0.190184
0.249152
0.287106
0.334435
0.134455
0.238262
0.170295
0.134429
0.284417
0.134554
0.263895
0.177720
0.315868
0.151197
0.246770
0.225484
0.163736
0.202340
0.187324
0.137267
0.211068
0.127746
0.236985
0.260884
0.157133
0.162464
0.261017
0.200779
0.186780
0.147047
0.233164
0.194769
0.242482
0.244528
0.085554
0.240129
0.204975
0.174449
0.207972
0.199999
0.275255
0.191507
0.205047
0.270350
0.183649
0.140289
0.205063
0.218601
0.210953
0.148897
0.233017
0.275099
0.209542
0.167656
0.155014
0.107895
0.254890
0.115069
0.121851
0.202706
0.230885
0.150455
0.232925
0.185373
0.202484
0.188910
0.206240
0.224738
0.166764
0.217604
0.177628
0.177168
0.182767
0.276751
0.207543
0.120644
0.132132
0.129831
0.137218
0.224094
0.161378
0.220084
0.169357
0.123767
0.143613
0.153661
0.150728
0.235376
0.132983
0.174935
0.151755
0.180359
0.230416
0.158708
0.151117
0.091659
0.228527
0.161940
0.157746
0.115279
0.151857
0.177667
0.105928
0.170037
0.119498
0.131160
0.201877
0.138942
0.182692
0.114082
0.152454
0.143699
0.130774
0.082771
0.186990
0.187164
0.268277
0.158714
0.235187
0.139213
0.104621
0.163885
0.178695
0.181858
0.190431
0.165937
0.162415
0.056208
0.097567
0.178906
0.142717
0.091391
0.117528
0.173550
0.178026
0.153089
0.154924
0.206347
0.177472
0.145060
0.163878
0.239700
0.202089
0.181157
0.134220
0.178749
0.239993
0.166972
0.152717
0.148830
0.175377
0.122654
0.173856
0.160983
0.113091
0.213236
0.126056
0.185927
0.195162
0.286349
0.089265
0.164891
0.111838
0.109219
0.125044
0.218245
0.192878
0.178492
0.121398
0.258388
0.118056
0.205240
0.207911
0.141958
0.203107
0.116885
0.255141
0.253420
0.206874
0.099576
0.127441
0.060103
0.100907
0.065354
0.197138
0.136840
0.109628
0.107638
0.165161
0.083095
0.119036
0.110268
0.114698
0.090556
0.129970
0.121729
0.179086
0.149143
0.130317
0.122202
0.089228
0.143247
0.116679
0.097367
0.141057
0.105972
0.140895
0.168137
0.146829
0.092470
0.148843
0.183678
0.143505
0.125022
0.078933
0.137411
0.234393
0.127569
0.224061
0.138015
0.200365
0.168181
0.074385
0.114860
0.137236
0.211629
0.094158
0.113013
0.122777
0.095123
0.061387
0.091639
0.139454
0.116832
0.154026
0.198169
0.079969
0.174140
0.143545
0.142977
0.226858
0.078477
0.096781
0.147148
0.127321
0.077515
0.088755
0.112904
0.130814
0.112306
0.230655
0.153802
0.074599
0.083700
0.185020
0.113127
0.240329
0.113233
0.114662
0.133968
0.070575
0.115510
0.161987
0.063732
0.183591
0.102816
0.143327
0.155630
0.125179
0.312964
0.115336
0.088710
0.129247
0.103696
0.137309
0.173233
0.158740
0.072638
0.159065
0.228430
0.164330
0.219782
0.086878
0.210798
0.150286
0.105799
0.169175
0.096701
0.125829
0.108023
0.106521
0.149420
0.179563
0.139429
0.141184
0.194111
0.177153
0.176190
0.171049
0.197146
0.104792
0.107805
0.172239
0.185486
0.107066
0.104542
0.080032
0.119846
0.123573
0.170512
0.072003
0.108425
0.096466
0.123780
0.122582
0.162111
0.112893
0.115498
0.115231
0.200554
0.138993
0.164711
0.104051
0.093348
0.134362
0.132150
0.126745
0.181031
0.088308
0.075824
0.087789
0.092949
0.149878
0.148977
0.108974
0.094413
0.167598
0.134140
0.103792
0.110155
0.087553
0.090051
0.072780
0.079789
0.097152
0.110693
0.112795
0.132041
0.097416
0.139770
0.132653
0.194668
0.058081
0.098540
0.150411
0.068692
0.159629
0.088171
0.098661
0.117368
0.077253
0.094741
0.075825
0.150236
0.101502
0.114993
0.079537
0.063321
0.146757
0.219211
0.112059
0.150725
0.063468
0.135656
0.064968
0.124733
0.133419
0.112689
0.152516
0.140424
0.147033
0.082322
0.123049
0.123587
0.156760
0.092167
0.108838
0.142803
0.055816
0.096695
0.089939
0.073934
0.170277
0.097502
0.103414
0.097362
0.148486
0.061288
0.152019
0.086643
0.155655
0.134739
0.099775
0.143351
0.145037
0.094317
0.122834
0.100030
0.092755
0.080130
0.096443
0.153636
0.114335
0.114147
0.074501
0.119544
0.081122
0.197303
0.158323
0.094217
0.074869
0.129558
0.109922
0.088238
0.180110
0.149410
0.152905
0.093664
0.054141
0.114994
0.138342
0.112654
0.132477
0.050335
0.138061
0.079330
0.060774
0.061785
0.111668
0.036843
0.124940
0.137653
0.089111
0.099007
0.159986
0.118256
0.052393
0.140401
0.063687
0.052794
0.092761
0.176564
0.118863
0.108355
0.059710
0.157589
0.085648
0.143688
0.072612
0.069217
0.144260
0.132803
0.147463
0.121392
0.114202
0.060238
0.095635
0.129107
0.105097
0.103625
0.129073
0.086394
0.141629
0.071113
0.071760
0.113461
0.173713
0.084438
0.151536
0.144028
0.070730
0.087488
0.065374
0.097335
0.109835
0.120561
0.118287
0.037890
0.055644
0.062723
0.114231
0.112189
0.092014
0.072969
0.069555
0.189974
0.112213
0.168036
0.126627
0.091118
0.175870
0.082693
0.081876
0.063157
0.084020
0.074127
0.103812
0.106965
0.120880
0.070210
0.057431
0.099113
0.118926
0.134609
0.112189
0.063980
0.037117
0.139799
0.039910
0.067770
0.061020
0.085520
0.175484
0.076252
0.068704
0.072003
0.034827
0.074912
0.117448
0.193154
0.114865
0.125381
0.131033
0.120460
0.143460
0.146100
0.147298
0.141952
0.158155
0.099994
0.065239
0.066841
0.156187
0.118465
0.068208
0.122163
0.074494
0.069187
0.158071
0.040297
0.052549
0.074921
0.147113
0.171539
0.094809
0.123775
0.066364
0.051528
0.067874
0.210894
0.067378
0.108447
0.101919
0.081081
0.050220
0.084080
0.066538
0.063134
0.117279
0.080162
0.044636
0.071027
0.091602
0.084788
0.095287
0.041200
0.089760
0.078500
0.125900
0.038335
0.120578
0.081330
0.119773
0.066134
0.073043
0.057490
0.060229
0.082604
0.071695
0.101238
0.084854
0.051272
0.048149
0.110573
0.070626
0.047152
0.076633
0.103175
0.045955
0.067083
0.119250
0.105318
0.115814
0.116332
0.128870
0.090754
0.061513
0.073415
0.092096
0.078316
0.059727
0.063371
0.069432
0.054607
0.113852
0.050866
0.082555
0.174566
0.080056
0.052109
0.143968
0.084124
0.059606
0.102382
0.078204
0.054816
0.078546
0.113932
0.048247
0.078387
0.134785
0.079034
0.083289
0.132023
0.152649
0.113141
0.113846
0.066781
0.190722
0.129531
0.053019
0.077823
0.045997
0.054078
0.053184
0.059480
0.062333
0.024795
0.043357
0.056482
0.041294
0.074535
0.065946
0.081991
0.050314
0.071628
0.085743
0.059970
0.045750
0.125178
0.113018
0.098396
0.122341
0.098000
0.116634
0.060847
0.108942
0.034112
0.121934
0.066980
0.073787
0.050176
0.062249
0.076313
0.082654
0.065703
0.027585
0.065839
0.115699
0.070314
0.045837
0.055798
0.044336
0.090450
0.088153
0.073665
0.062047
0.132080
0.043319
0.088851
0.131096
0.085249
0.112021
0.026554
0.084500
0.081526
0.097473
0.070334
0.045617
0.053999
0.059875
0.035512
0.064840
0.076252
0.066630
0.039743
0.083015
0.084640
0.070930
0.082834
0.115208
0.119383
0.091123
0.084677
0.085603
0.060968
0.036597
0.051067
0.060781
0.075241
0.054008
0.134788
0.089719
0.072115
0.077805
0.228947
0.120971
0.071453
0.092025
0.083509
0.105435
0.048260
0.087166
0.052098
0.061869
0.087071
0.088314
0.028808
0.127860
0.038155
0.076790
0.053197
0.027511
0.071871
0.054281
0.068108
0.040565
0.064905
0.126324
0.057114
0.065175
0.100988
0.101686
0.048866
0.106028
0.050886
0.052267
0.033288
0.031477
0.114507
0.054984
0.059673
0.077082
0.062156
0.067615
0.079702
0.115824
0.160922
0.105110
0.085758
0.050356
0.018180
0.084853
0.046687
0.042399
0.080073
0.058406
0.085951
0.088326
0.056056
0.062443
0.052270
0.088488
0.070297
0.041150
0.100109
0.063286
0.069947
0.050141
0.089870
0.125698
0.060294
0.070767
0.093305
0.124386
0.061528
0.096688
0.064286
0.062832
0.074498
0.133324
0.071915
0.059309
0.108672
0.111002
0.041750
0.055517
0.105575
0.033620
0.070471
0.043598
0.045901
0.075506
0.045089
0.087504
0.101829
0.099981
0.134225
0.081617
0.149122
0.150854
0.075743
0.091815
0.054682
0.089938
0.089482
0.080595
0.138999
0.081967
0.056540
0.098967
0.164842
0.103388
0.056091
0.068785
0.041943
0.061790
0.030957
0.056885
0.067355
0.171278
0.100746
0.063755
0.043065
0.098690
0.043518
0.090308
0.102532
0.097048
0.051208
0.039428
0.054810
0.019645
0.080162
0.078263
0.039002
0.052752
0.066880
0.051456
0.071370
0.084743
0.087118
0.112097
0.092661
0.108084
0.092148
0.056710
0.030985
0.059471
0.049304
0.066897
0.062132
0.048485
0.040354
0.149546
0.063610
0.036128
0.098197
0.083429
0.081531
0.040457
0.033620
0.076880
0.083668
0.101882
0.045042
0.090763
0.051500
0.069748
0.104284
0.048423
0.096033
0.093513
0.031209
0.094395
0.021792
0.095415
0.077941
0.036882
0.076990
0.076490
0.071737
0.145159
0.090415
0.045766
0.045855
0.102268
0.057452
0.048808
0.065806
0.070207
0.087667
0.038193
0.039926
0.077800
0.049030
0.060903
0.041767
0.075199
0.047347
0.089835
0.113270
0.128090
0.101904
0.031517
0.106592
0.070167
0.089982
0.114721
0.054011
0.052519
0.027180
0.081716
0.059659
0.051902
0.117639
0.071796
0.043588
0.035926
0.110676
0.058298
0.038662
0.030309
0.109801
0.072120
0.036145
0.026869
0.118635
0.084283
0.134449
0.048339
0.089795
0.079274
0.039617
0.123345
0.079229
0.026607
0.053944
0.062927
0.093445
0.050047
0.041703
0.148084
0.051524
0.054136
0.044942
0.084018
0.033030
0.100626
0.088436
0.066608
0.051680
0.054294
0.034822
0.073062
0.090268
0.045057
0.048139
0.069870
0.067017
0.045666
0.051294
0.073661
0.056022
0.048964
0.046859
0.078253
0.139194
0.059790
0.065293
0.050187
0.054338
0.038086
0.043679
0.070770
0.052447
0.052167
0.034312
0.049398
0.046234
0.060312
0.026362
0.051032
0.026814
0.047741
0.036364
0.054461
0.032469
0.078276
0.107739
0.073778
0.121643
0.027300
0.029060
0.079004
0.033575
0.072643
0.070186
0.045970
0.078613
0.047277
0.041065
0.043648
0.030301
0.038675
0.036776
0.057213
0.023203
0.035907
0.039424
0.052747
0.092410
0.070745
0.058111
0.072763
0.055062
0.066320
0.118166
0.026061
0.031550
0.079599
0.043090
0.069571
0.081466
0.063947
0.063790
0.064079
0.061508
0.164333
0.027100
0.084744
0.061356
0.045690
0.063390
0.070692
0.086144
0.020316
0.040493
0.097934
0.092190
0.050156
0.057970
0.097433
0.043643
0.108084
0.069119
0.050869
0.082400
0.220234
0.043279
0.061127
0.081961
0.022007
0.036320
0.041847
0.045905
0.094984
0.048919
0.089604
0.076416
0.127012
0.038009
0.040618
0.067597
0.036248
0.029925
0.054814
0.023431
0.199127
0.051730
0.037361
0.054289
0.079119
0.063106
0.098403
0.066213
0.049287
0.052046
0.046086
0.057243
0.067484
0.047667
0.033667
0.052208
0.074880
0.046780
0.091979
0.063657
0.037805
0.040744
0.049243
0.068303
0.046958
0.056983
0.044254
0.082854
0.102813
0.077598
0.069362
0.038168
0.088387
0.029961
0.034061
0.064788
0.047789
0.051327
0.097927
0.085864
0.058145
0.054516
0.064667
0.058986
0.070562
0.076696
0.029647
0.105399
0.033226
0.080447
0.136058
0.036888
0.026637
0.027489
0.077449
0.060431
0.014571
0.020967
0.040292
0.038675
0.068664
0.085773
0.032046
0.129729
0.059206
0.051326
0.022021
0.041291
0.083153
0.059135
0.047656
0.053281
0.102247
0.056488
0.057705
0.131161
0.068210
0.039250
0.047815
0.041343
0.054275
0.024679
0.032680
0.041783
0.042098
0.021594
0.032332
0.021238
0.111264
0.062399
0.025992
0.036288
0.043713
0.066049
0.079062
0.118051
0.030929
0.140554
0.068493
0.040420
0.057435
0.049210
0.033352
0.035872
0.079251
0.022562
0.065593
0.040218
0.091001
0.098172
0.053522
0.064697
0.048890
0.049214
0.079942
0.047955
0.052888
0.134818
0.054706
0.101732
0.079200
0.078572
0.047200
0.051304
0.102843
0.040645
0.028605
0.040211
0.039640
0.046355
0.085498
0.021285
0.059087
0.042117
0.053768
0.079232
0.032926
0.073083
0.029905
0.017266
0.027102
0.085059
0.026352
0.059883
0.069654
0.068241
0.083266
0.038513
0.021169
0.030891
0.050601
0.036011
0.082250
0.057799
0.038670
0.033803
0.039207
0.031712
0.040013
0.031682
0.029389
0.036117
0.037552
0.038782
0.058548
0.042777
0.042810
0.067208
0.020029
0.023638
0.023009
0.059444
0.031383
0.099757
0.076024
0.077025
0.053548
0.039575
0.039721
0.026027
0.054128
0.027385
0.019600
0.139885
0.033269
0.050573
0.047544
0.028231
0.022395
0.052681
0.022080
0.027389
0.061307
0.023302
0.024969
0.086759
0.043685
0.054474
0.068518
0.082472
0.049519
0.041654
0.060206
0.061027
0.096836
0.053166
0.093012
0.104877
0.068567
0.046731
0.014520
0.016235
0.096134
0.064142
0.164651
0.032382
0.039572
0.112653
0.050114
0.138571
0.108989
0.039290
0.081806
0.066249
0.064397
0.068681
0.031594
0.078307
0.039317
0.019990
0.052725
0.046107
0.124103
0.023214
0.019981
0.044118
0.028354
0.037816
0.077806
0.053543
0.100684
0.052398
0.053228
0.037604
0.038731
0.029415
0.027077
0.031001
0.039772
0.025677
0.026156
0.069101
0.040604
0.028577
0.041060
0.047061
0.048829
0.071168
0.036116
0.063167
0.035820
0.049075
0.031008
0.035539
0.036954
0.024173
0.072063
0.034829
0.029674
0.030143
0.090226
0.025950
0.063857
0.019191
0.021106
0.054593
0.073054
0.015588
0.038675
0.024463
0.017136
0.037177
0.060156
0.053400
0.052405
0.022847
0.022235
0.034950
0.017710
0.037908
0.034072
0.025748
0.086794
0.043871
0.015957
0.029722
0.030566
0.031954
0.037840
0.038083
0.042608
0.063038
0.061969
0.069992
0.027672
0.066883
0.065846
0.044496
0.027337
0.058265
0.029055
0.035466
0.016858
0.083062
0.063187
0.059675
0.047887
0.077395
0.031298
0.021034
0.036348
0.049826
0.049958
0.038773
0.029614
0.033810
0.018729
0.078413
0.020926
0.095808
0.040219
0.053617
0.042247
0.015335
0.076177
0.035955
0.010141
0.030034
0.042139
0.025614
0.049897
0.047070
0.053674
0.074520
0.045940
0.042150
0.017583
0.050887
0.022223
0.037353
0.041714
0.026500
0.036866
0.040373
0.029840
0.016480
0.017307
0.079739
0.110208
0.092545
0.045126
0.034636
0.025316
0.065151
0.041503
0.067688
0.104163
0.076921
0.038123
0.036955
0.063156
0.080598
0.030605
0.097764
0.041903
0.032210
0.026077
0.023951
0.020011
0.034613
0.038344
0.026802
0.021059
0.044380
0.043751
0.063070
0.033105
0.047119
0.051155
0.082695
0.034018
0.043155
0.043014
0.045384
0.068674
0.028204
0.033109
0.039327
0.029918
0.033722
0.068583
0.035939
0.018802
0.068255
0.032965
0.025518
0.023617
0.046316
0.030390
0.073097
0.018294
0.016946
0.040392
0.041177
0.045469
0.068843
0.012710
0.014460
0.060225
0.069450
0.050371
0.069031
0.024174
0.046439
0.056925
0.023238
0.047126
0.037453
0.037224
0.034510
0.031945
0.048545
0.025601
0.037472
0.051714
0.044408
0.028697
0.042734
0.062703
0.076426
0.063093
0.082905
0.120761
0.018617
0.032968
0.030281
0.021976
0.045284
0.018748
0.059818
0.013980
0.038459
0.026260
0.058153
0.041145
0.067242
0.032889
0.037566
0.032249
0.049673
0.015091
0.026129
0.060265
0.013588
0.018195
0.055446
0.082075
0.040101
0.028887
0.019373
0.077117
0.015332
0.030061
0.082809
0.034014
0.030197
0.025263
0.041166
0.053174
0.035885
0.068964
0.040530
0.014013
0.049719
0.096140
0.019174
0.029457
0.033328
0.040093
0.046196
0.065077
0.088644
0.058516
0.049373
