-7.000000 2.000000
-6.776760 1.776759
-6.519473 1.520462
-6.247353 1.251778
-5.967394 0.979729
-5.683088 0.710494
-5.396536 0.449602
-5.109185 0.202652
-4.822139 -0.024565
-4.536308 -0.226343
-4.252484 -0.397622
-3.971393 -0.534653
-3.693716 -0.635490
-3.420103 -0.700133
-3.151190 -0.730305
-2.887596 -0.729004
-2.629929 -0.700035
-2.378788 -0.647629
-2.134756 -0.576189
-1.898403 -0.490141
-1.670278 -0.393856
-1.450905 -0.291609
-1.240780 -0.187528
-1.040365 -0.085546
-0.850079 0.010696
-0.670297 0.097947
-0.501340 0.173468
-0.343475 0.235140
-0.196907 0.281548
-0.061775 0.312011
