-7.000000 2.000000
-5.500000 0.500000
-4.573268 0.136197
-3.887842 0.037315
-3.344689 0.010228
-2.898562 0.002803
-2.524177 0.000768
-2.205587 0.000211
-1.931882 0.000058
-1.695147 0.000016
-1.489386 0.000004
-1.309899 0.000001
-1.152909 0.000000
-1.015317 0.000000
-0.894539 0.000000
-0.788395 0.000000
-0.695027 0.000000
-0.612840 0.000000
-0.540456 0.000000
-0.476680 0.000000
-0.420469 0.000000
-0.370913 0.000000
-0.327216 0.000000
-0.288681 0.000000
-0.254692 0.000000
-0.224711 0.000000
-0.198263 0.000000
-0.174931 0.000000
-0.154346 0.000000
-0.136185 0.000000
