-7.000000 2.000000
-6.930000 1.600000
-6.797700 0.920000
-6.610653 0.124000
-6.376204 -0.617200
-6.101438 -1.160840
-5.793134 -1.417948
-5.457730 -1.365756
-5.101288 -1.045631
-4.729478 -0.548393
-4.347554 0.008800
-3.960347 0.508513
-3.572257 0.856553
-3.187253 0.998478
-2.808878 0.926515
-2.440251 0.676445
-2.084084 0.316093
-1.742693 -0.071442
-1.418014 -0.405935
-1.111623 -0.625792
-0.824755 -0.698505
-0.558326 -0.624246
-0.312957 -0.432563
-0.088995 -0.173536
0.113460 0.094296
0.294536 0.316485
0.454558 0.453158
0.594033 0.485533
0.713620 0.417563
0.814112 0.272878
