-7.000000 2.000000
-6.335000 -1.800000
-5.733175 1.620000
-5.188523 -1.458000
-4.695614 1.312200
-4.249530 -1.180980
-3.845825 1.062882
-3.480472 -0.956594
-3.149827 0.860934
-2.850593 -0.774841
-2.579787 0.697357
-2.334707 -0.627621
-2.112910 0.564859
-1.912184 -0.508373
-1.730526 0.457536
-1.566126 -0.411782
-1.417344 0.370604
-1.282696 -0.333544
-1.160840 0.300189
-1.050560 -0.270170
-0.950757 0.243153
-0.860435 -0.218838
-0.778694 0.196954
-0.704718 -0.177259
-0.637770 0.159533
-0.577182 -0.143580
-0.522349 0.129222
-0.472726 -0.116299
-0.427817 0.104670
-0.387175 -0.094203
