0 0.150000 0.140600
1 0.163333 0.147300
2 0.180000 0.153700
3 0.206667 0.164800
4 0.226667 0.173800
5 0.240000 0.184900
6 0.280000 0.198200
7 0.276667 0.200300
8 0.293333 0.204000
9 0.310000 0.209900
10 0.323333 0.214600
11 0.340000 0.221900
12 0.343333 0.224000
13 0.340000 0.222400
14 0.356667 0.234500
15 0.363333 0.241300
16 0.376667 0.247400
17 0.380000 0.253000
18 0.383333 0.257800
19 0.383333 0.257100
20 0.406667 0.265300
21 0.416667 0.273400
22 0.423333 0.286800
23 0.440000 0.295000
24 0.450000 0.305200
25 0.460000 0.309300
26 0.483333 0.329900
27 0.486667 0.334900
28 0.516667 0.347800
29 0.516667 0.352600
30 0.533333 0.364700
31 0.540000 0.375600
32 0.540000 0.379000
33 0.540000 0.385800
34 0.543333 0.383800
35 0.550000 0.403300
36 0.556667 0.403500
37 0.566667 0.424400
38 0.603333 0.437500
39 0.590000 0.430500
40 0.603333 0.439600
41 0.616667 0.453300
42 0.626667 0.456000
43 0.626667 0.453800
44 0.646667 0.474400
45 0.650000 0.480800
46 0.650000 0.488400
47 0.650000 0.493900
48 0.683333 0.522700
49 0.696667 0.525100
50 0.680000 0.517200
51 0.703333 0.536700
52 0.706667 0.543800
53 0.696667 0.540200
54 0.706667 0.539500
55 0.713333 0.546400
56 0.716667 0.553600
57 0.720000 0.558400
58 0.733333 0.568500
59 0.750000 0.578600
60 0.736667 0.577100
61 0.760000 0.588300
62 0.766667 0.590800
63 0.773333 0.590800
64 0.790000 0.605800
65 0.793333 0.601400
66 0.803333 0.606400
67 0.803333 0.601600
68 0.803333 0.602400
69 0.806667 0.607500
70 0.813333 0.609200
71 0.803333 0.613400
72 0.830000 0.620100
73 0.823333 0.617500
74 0.833333 0.632400
75 0.820000 0.637300
76 0.840000 0.637900
77 0.836667 0.647700
78 0.846667 0.653200
79 0.830000 0.654900
80 0.833333 0.658700
81 0.826667 0.645700
82 0.836667 0.661900
83 0.843333 0.660500
84 0.846667 0.668200
85 0.846667 0.662100
86 0.843333 0.656100
87 0.833333 0.656200
88 0.846667 0.674800
89 0.843333 0.671200
90 0.840000 0.672300
91 0.853333 0.675600
92 0.850000 0.677800
93 0.853333 0.680500
94 0.853333 0.679200
95 0.863333 0.676900
96 0.873333 0.685400
97 0.870000 0.689900
98 0.873333 0.688300
99 0.860000 0.688400
100 0.860000 0.683800
101 0.873333 0.693500
102 0.866667 0.691400
103 0.860000 0.687400
104 0.866667 0.693600
105 0.876667 0.696600
106 0.873333 0.699500
107 0.873333 0.697200
108 0.876667 0.696500
109 0.866667 0.699900
110 0.873333 0.701900
111 0.883333 0.701100
112 0.876667 0.703000
113 0.873333 0.701800
114 0.873333 0.701800
115 0.873333 0.706200
116 0.866667 0.700200
117 0.866667 0.702200
118 0.863333 0.703000
119 0.863333 0.701200
120 0.876667 0.704900
121 0.893333 0.707900
122 0.883333 0.706800
123 0.883333 0.711700
124 0.896667 0.710200
125 0.886667 0.711300
126 0.893333 0.714500
127 0.893333 0.716900
128 0.896667 0.714300
129 0.876667 0.710900
130 0.893333 0.712500
131 0.890000 0.713600
132 0.876667 0.712400
133 0.876667 0.712500
134 0.900000 0.719800
135 0.906667 0.719900
136 0.910000 0.719200
137 0.893333 0.716500
138 0.893333 0.715500
139 0.916667 0.717300
140 0.896667 0.719100
141 0.896667 0.719700
142 0.890000 0.716800
143 0.890000 0.714300
144 0.900000 0.720200
145 0.886667 0.719500
146 0.883333 0.717100
147 0.873333 0.715500
148 0.876667 0.717800
149 0.883333 0.717500
150 0.890000 0.716100
151 0.886667 0.716500
152 0.883333 0.718100
153 0.890000 0.719700
154 0.870000 0.716100
155 0.886667 0.719700
156 0.890000 0.720300
157 0.896667 0.724600
158 0.893333 0.720900
159 0.896667 0.719800
160 0.886667 0.715300
161 0.890000 0.723500
162 0.893333 0.724600
163 0.893333 0.724500
164 0.893333 0.726800
165 0.890000 0.723200
166 0.890000 0.720900
167 0.886667 0.723700
168 0.893333 0.723400
169 0.896667 0.722900
170 0.906667 0.726900
171 0.916667 0.725700
172 0.906667 0.722800
173 0.903333 0.728500
174 0.913333 0.727700
175 0.913333 0.727400
176 0.903333 0.717900
177 0.900000 0.723900
178 0.903333 0.725400
179 0.906667 0.725300
180 0.903333 0.728200
181 0.903333 0.726600
182 0.896667 0.726100
183 0.903333 0.722100
184 0.890000 0.723600
185 0.890000 0.723100
186 0.893333 0.726300
187 0.883333 0.725200
188 0.890000 0.719000
189 0.896667 0.726600
190 0.900000 0.723500
191 0.893333 0.724500
192 0.900000 0.724600
193 0.906667 0.722300
194 0.900000 0.726300
195 0.903333 0.726900
196 0.900000 0.720800
197 0.903333 0.724100
198 0.896667 0.719900
199 0.893333 0.726000
200 0.896667 0.722900
