0 0.110000 0.083800
1 0.106667 0.083700
2 0.110000 0.084000
3 0.113333 0.085800
4 0.116667 0.084500
5 0.113333 0.086800
6 0.113333 0.089400
7 0.110000 0.089800
8 0.123333 0.091000
9 0.120000 0.092700
10 0.126667 0.093300
11 0.133333 0.094500
12 0.123333 0.096500
13 0.126667 0.097600
14 0.130000 0.101500
15 0.136667 0.102000
16 0.133333 0.103100
17 0.140000 0.105200
18 0.143333 0.106800
19 0.146667 0.107100
20 0.150000 0.108800
21 0.150000 0.110900
22 0.146667 0.112500
23 0.150000 0.115500
24 0.150000 0.118600
25 0.140000 0.119000
26 0.146667 0.120700
27 0.146667 0.124300
28 0.153333 0.124800
29 0.156667 0.127500
30 0.180000 0.132000
31 0.183333 0.133900
32 0.190000 0.135600
33 0.186667 0.137500
34 0.176667 0.139800
35 0.183333 0.141300
36 0.190000 0.145200
37 0.193333 0.146700
38 0.213333 0.151900
39 0.213333 0.152600
40 0.213333 0.155400
41 0.226667 0.159800
42 0.246667 0.163500
43 0.253333 0.167200
44 0.256667 0.169800
45 0.263333 0.174600
46 0.263333 0.179200
47 0.266667 0.178400
48 0.273333 0.183900
49 0.290000 0.188800
50 0.296667 0.190900
51 0.293333 0.192800
52 0.296667 0.197400
53 0.303333 0.198500
54 0.306667 0.203200
55 0.320000 0.208000
56 0.336667 0.211400
57 0.323333 0.214400
58 0.346667 0.218100
59 0.353333 0.220400
60 0.346667 0.225100
61 0.356667 0.230100
62 0.363333 0.232600
63 0.376667 0.236600
64 0.386667 0.240100
65 0.400000 0.245400
66 0.396667 0.248800
67 0.400000 0.252500
68 0.406667 0.257000
69 0.410000 0.260800
70 0.406667 0.262700
71 0.413333 0.267500
72 0.420000 0.268900
73 0.423333 0.273500
74 0.420000 0.277200
75 0.426667 0.281100
76 0.420000 0.282700
77 0.423333 0.287900
78 0.426667 0.290600
79 0.430000 0.292500
80 0.426667 0.293700
81 0.423333 0.296100
82 0.433333 0.297800
83 0.436667 0.301000
84 0.430000 0.302100
85 0.430000 0.303100
86 0.433333 0.303900
87 0.443333 0.308400
88 0.440000 0.311400
89 0.430000 0.314400
90 0.436667 0.315500
91 0.440000 0.317000
92 0.436667 0.319300
93 0.450000 0.318100
94 0.440000 0.322200
95 0.446667 0.322400
96 0.453333 0.324200
97 0.460000 0.326300
98 0.450000 0.328600
99 0.446667 0.329300
100 0.453333 0.332200
101 0.446667 0.335800
102 0.440000 0.338500
103 0.440000 0.340500
104 0.453333 0.341000
105 0.453333 0.342700
106 0.470000 0.345000
107 0.463333 0.344700
108 0.463333 0.346700
109 0.483333 0.348600
110 0.486667 0.350500
111 0.490000 0.352100
112 0.496667 0.353300
113 0.496667 0.352400
114 0.493333 0.354700
115 0.493333 0.354800
116 0.503333 0.358600
117 0.490000 0.357800
118 0.500000 0.359600
119 0.510000 0.361000
120 0.506667 0.362200
121 0.500000 0.362100
122 0.500000 0.363700
123 0.510000 0.366400
124 0.506667 0.366500
125 0.503333 0.366300
126 0.503333 0.368100
127 0.503333 0.368200
128 0.503333 0.369500
129 0.500000 0.372500
130 0.503333 0.373600
131 0.513333 0.375900
132 0.510000 0.375900
133 0.506667 0.376500
134 0.510000 0.377100
135 0.506667 0.377500
136 0.516667 0.378300
137 0.523333 0.379000
138 0.516667 0.380400
139 0.523333 0.381100
140 0.520000 0.382200
141 0.530000 0.384300
142 0.533333 0.385100
143 0.530000 0.384800
144 0.526667 0.386600
145 0.530000 0.386800
146 0.523333 0.388600
147 0.526667 0.390000
148 0.540000 0.391100
149 0.526667 0.391100
150 0.530000 0.392400
151 0.536667 0.392900
152 0.530000 0.393200
153 0.533333 0.394600
154 0.536667 0.394100
155 0.533333 0.394800
156 0.540000 0.394200
157 0.536667 0.394300
158 0.543333 0.394300
159 0.550000 0.396100
160 0.550000 0.396100
161 0.553333 0.397000
162 0.550000 0.398700
163 0.550000 0.397600
164 0.550000 0.399200
165 0.543333 0.398500
166 0.543333 0.397800
167 0.543333 0.397100
168 0.546667 0.398200
169 0.546667 0.398900
170 0.543333 0.398400
171 0.550000 0.399500
172 0.546667 0.400500
173 0.546667 0.401500
174 0.546667 0.400800
175 0.546667 0.402700
176 0.550000 0.402200
177 0.543333 0.402700
178 0.556667 0.402900
179 0.553333 0.403600
180 0.550000 0.403900
181 0.543333 0.404100
182 0.553333 0.403100
183 0.543333 0.403800
184 0.546667 0.405700
185 0.543333 0.406500
186 0.546667 0.407000
187 0.556667 0.408200
188 0.553333 0.408900
189 0.563333 0.408400
190 0.563333 0.408500
191 0.556667 0.408300
192 0.563333 0.409700
193 0.560000 0.411500
194 0.566667 0.411600
195 0.570000 0.414100
196 0.556667 0.414600
197 0.560000 0.414500
198 0.563333 0.414400
199 0.576667 0.413500
200 0.576667 0.413900
201 0.570000 0.415600
202 0.580000 0.415900
203 0.580000 0.416300
204 0.573333 0.416700
205 0.580000 0.419600
206 0.583333 0.420000
207 0.583333 0.420300
208 0.576667 0.420900
209 0.580000 0.421400
210 0.580000 0.420800
211 0.583333 0.421500
212 0.580000 0.421600
213 0.583333 0.421500
214 0.583333 0.423300
215 0.580000 0.425100
216 0.583333 0.427200
217 0.583333 0.426700
218 0.580000 0.426700
219 0.583333 0.427600
220 0.590000 0.429100
221 0.590000 0.428800
222 0.586667 0.430300
223 0.586667 0.431600
224 0.593333 0.433100
225 0.593333 0.433800
226 0.596667 0.432200
227 0.596667 0.433500
228 0.603333 0.433400
229 0.596667 0.434500
230 0.603333 0.433000
231 0.600000 0.432800
232 0.600000 0.433300
233 0.603333 0.434100
234 0.600000 0.432900
235 0.596667 0.433800
236 0.600000 0.434300
237 0.596667 0.436500
238 0.596667 0.435800
239 0.603333 0.436300
240 0.606667 0.436700
241 0.603333 0.437300
242 0.603333 0.436700
243 0.603333 0.436500
244 0.606667 0.437500
245 0.606667 0.437100
246 0.606667 0.437200
247 0.600000 0.437000
248 0.596667 0.436600
249 0.603333 0.437100
250 0.600000 0.437100
251 0.600000 0.436700
252 0.600000 0.436100
253 0.596667 0.437300
254 0.596667 0.438100
255 0.596667 0.438300
256 0.596667 0.438100
257 0.596667 0.439400
258 0.596667 0.439200
259 0.600000 0.440300
260 0.600000 0.440200
261 0.600000 0.440700
262 0.600000 0.440600
263 0.600000 0.440600
264 0.596667 0.441400
265 0.593333 0.441900
266 0.600000 0.442100
267 0.596667 0.442200
268 0.600000 0.442900
269 0.603333 0.441600
270 0.603333 0.441700
271 0.606667 0.442700
272 0.606667 0.443500
273 0.603333 0.444500
274 0.603333 0.443200
275 0.603333 0.443000
276 0.606667 0.444500
277 0.606667 0.445400
278 0.606667 0.445700
279 0.600000 0.445800
280 0.596667 0.446900
281 0.600000 0.447600
282 0.600000 0.448000
283 0.600000 0.447400
284 0.596667 0.449000
285 0.593333 0.450200
286 0.593333 0.449800
287 0.593333 0.450400
288 0.596667 0.450800
289 0.596667 0.450400
290 0.596667 0.450900
291 0.596667 0.451600
292 0.596667 0.452200
293 0.596667 0.451400
294 0.596667 0.452100
295 0.596667 0.452400
296 0.596667 0.452200
297 0.590000 0.452600
298 0.590000 0.453000
299 0.596667 0.453700
300 0.600000 0.453900
