2.301530
2.301910
2.302044
2.302222
2.301104
2.302133
2.302107
2.301315
2.299904
2.301035
2.301095
2.302970
2.301381
2.302976
2.301574
2.301688
2.302378
2.301645
2.302129
2.301281
2.301220
2.302229
2.301091
2.301102
2.299286
2.303473
2.301847
2.299975
2.302959
2.299588
2.302719
2.303873
2.299554
2.303598
2.302069
2.302561
2.303096
2.301676
2.301748
2.301060
2.304933
2.301182
2.300338
2.301440
2.299907
2.304934
2.299132
2.302745
2.303715
2.301639
2.302030
2.300541
2.301840
2.298250
2.302542
2.299351
2.301012
2.299749
2.299533
2.301962
2.302428
2.300217
2.302459
2.302651
2.295457
2.299804
2.301534
2.301026
2.302919
2.303461
2.303053
2.290809
2.300761
2.297689
2.299938
2.296957
2.304076
2.300560
2.302468
2.295597
2.302350
2.301028
2.297889
2.305906
2.299163
2.300875
2.299663
2.302612
2.301704
2.304149
2.300211
2.296985
2.305713
2.296312
2.303517
2.296999
2.300243
2.305294
2.302231
2.297968
2.301237
2.304382
2.308823
2.306472
2.301308
2.294340
2.302605
2.300222
2.305694
2.306259
2.303847
2.300131
2.299763
2.296347
2.302503
2.301848
2.305123
2.294847
2.299799
2.291340
2.305080
2.303144
2.299295
2.303631
2.302909
2.292445
2.294477
2.303499
2.303697
2.301417
2.304097
2.298396
2.299386
2.292737
2.303977
2.301813
2.304158
2.298476
2.299629
2.299145
2.309826
2.301465
2.300319
2.300815
2.304933
2.294550
2.301583
2.298800
2.298818
2.305549
2.297464
2.296084
2.304706
2.302006
2.302266
2.303371
2.297047
2.296909
2.294552
2.297867
2.301406
2.296534
2.297849
2.301379
2.296348
2.300011
2.304894
2.297859
2.299926
2.297613
2.292541
2.301701
2.305316
2.300579
2.302522
2.295193
2.302155
2.297617
2.293240
2.292211
2.301270
2.302288
2.299630
2.296632
2.301012
2.293318
2.289698
2.297423
2.303321
2.306519
2.304962
2.298815
2.300497
2.300613
2.296579
2.292392
2.300015
2.302112
2.305987
2.301316
2.305660
2.297066
2.304888
2.300094
2.295647
2.303591
2.302922
2.306748
2.303995
2.300738
2.299920
2.290602
2.300190
2.310511
2.301492
2.300175
2.296097
2.297466
2.303726
2.307761
2.301359
2.301587
2.305466
2.302029
2.299017
2.301963
2.299610
2.307637
2.297640
2.300254
2.293830
2.287962
2.297966
2.298696
2.303349
2.305778
2.302652
2.299052
2.292875
2.303935
2.302566
2.301668
2.297781
2.304902
2.306609
2.307818
2.299329
2.300442
2.308844
2.303151
2.302093
2.300404
2.309553
2.301190
2.295979
2.298515
2.306516
2.301789
2.297042
2.303362
2.308413
2.296653
2.296039
2.294627
2.290091
2.290368
2.303319
2.304823
2.300028
2.307452
2.298752
2.300114
2.299336
2.306102
2.299262
2.300464
2.294902
2.310619
2.299940
2.302119
2.296509
2.305597
2.301458
2.299375
2.298690
2.305626
2.307781
2.309327
2.307558
2.300850
2.306191
2.305563
2.305915
2.300894
2.308601
2.296139
2.299138
2.301109
2.297106
2.300833
2.301894
2.302741
2.291325
2.298982
2.306690
2.296386
2.301605
2.303866
2.305712
2.303336
2.302661
2.302708
2.302616
2.302973
2.308706
2.309843
2.303125
2.305928
2.293651
2.304773
2.301714
2.296770
2.294610
2.305965
2.300410
2.293579
2.297437
2.306671
2.295969
2.305711
2.304421
2.301020
2.298945
2.308720
2.303333
2.301663
2.300788
2.298394
2.303466
2.304461
2.298250
2.295512
2.300790
2.299772
2.304122
2.304611
2.294963
2.301399
2.309547
2.296764
2.299647
2.304174
2.303346
2.304110
2.306336
2.295672
2.297240
2.304115
2.296442
2.302762
2.301612
2.299640
2.296590
2.300918
2.301871
2.307255
2.302982
2.305476
2.295641
2.304415
2.290973
2.306199
2.302718
2.303012
2.299446
2.297494
2.294717
2.295256
2.298246
2.295519
2.302548
2.296500
2.301420
2.300008
2.306331
2.299219
2.300648
2.291122
2.309381
2.304082
2.304997
2.293846
2.303074
2.303466
2.297421
2.295234
2.304839
2.299424
2.300743
2.296833
2.301532
2.298585
2.296348
2.297359
2.304304
2.297439
2.297155
2.305312
2.297130
2.298385
2.310037
2.303172
2.301673
2.286774
2.300172
2.299291
2.299622
2.309021
2.301667
2.308865
2.299076
2.301451
2.302357
2.299146
2.292427
2.295331
2.297611
2.289448
2.292321
2.301297
2.299661
2.293693
2.302463
2.309680
2.297870
2.307546
2.303771
2.295722
2.306587
2.301185
2.305037
2.300355
2.304899
2.300238
2.301919
2.304281
2.303792
2.300897
2.297962
2.301409
2.306727
2.300495
2.306458
2.308879
2.293471
2.300693
2.306358
2.301707
2.297211
2.304571
2.294569
2.299586
2.300986
2.299771
2.298800
2.299200
2.295393
2.304896
2.303187
2.298217
2.302415
2.306116
2.306509
2.298164
2.300166
2.299739
2.296755
2.301764
2.298129
2.298705
2.306631
2.293538
2.299771
2.296068
2.296222
2.305122
2.304562
2.302842
2.302029
2.287259
2.305545
2.293102
2.308058
2.300750
2.300814
2.295946
2.292088
2.308808
2.301407
2.294593
2.296145
2.294838
2.297717
2.306287
2.296218
2.291254
2.296706
2.299497
2.298139
2.306612
2.296280
2.299697
2.299398
2.292764
2.301790
2.305669
2.303244
2.296548
2.301781
2.299908
2.295258
2.308569
2.294599
2.303649
2.308126
2.300775
2.293126
2.304344
2.298866
2.294353
2.296017
2.295318
2.303943
2.289835
2.313030
2.301290
2.302498
2.300710
2.303624
2.303803
2.304455
2.299839
2.305083
2.294737
2.298743
2.306049
2.307952
2.300206
2.302184
2.302237
2.303801
2.294963
2.300089
2.302110
2.312212
2.313416
2.302672
2.305938
2.298395
2.289568
2.294164
2.296553
2.305125
2.289231
2.307600
2.305420
2.305664
2.300036
2.311586
2.302884
2.299930
2.298007
2.297159
2.297267
2.301561
2.300687
2.302519
2.304810
2.297901
2.305907
2.299607
2.297121
2.302473
2.300715
2.295216
2.300097
2.305895
2.303803
2.298567
2.299209
2.299984
2.299067
2.307018
2.301457
2.299760
2.301703
2.299121
2.296321
2.301387
2.292915
2.304074
2.297532
2.296156
2.306673
2.303680
2.298052
2.298053
2.288765
2.305368
2.297534
2.302405
2.305863
2.287491
2.301347
2.298174
2.305888
2.301582
2.293016
2.307789
2.290681
2.302882
2.309061
2.296599
2.305367
2.303127
2.305775
2.297754
2.309415
2.303639
2.301666
2.301158
2.297368
2.299012
2.307941
2.299679
2.296710
2.293631
2.303688
2.306616
2.301518
2.298492
2.307483
2.292217
2.306390
2.294423
2.297416
2.305186
2.309605
2.291374
2.302443
2.300175
2.301901
2.300195
2.303106
2.299435
2.305387
2.303811
2.302608
2.308254
2.299717
2.301616
2.297525
2.299181
2.303992
2.297014
2.308332
2.296286
2.303764
2.303045
2.300357
2.298360
2.309403
2.296914
2.302176
2.301417
2.301780
2.303225
2.304591
2.296285
2.300177
2.297206
2.294499
2.303570
2.302183
2.297757
2.297964
2.299178
2.295644
2.304434
2.301089
2.300456
2.301804
2.308027
2.304753
2.295155
2.308047
2.304766
2.301491
2.307410
2.301362
2.293775
2.307322
2.295950
2.301959
2.298726
2.302598
2.292393
2.301074
2.299044
2.303423
2.303402
2.302179
2.303588
2.298643
2.304225
2.303913
2.301906
2.294537
2.301251
2.307381
2.306136
2.302234
2.302413
2.305043
2.298614
2.299320
2.303552
2.305420
2.296263
2.307567
2.303382
2.305865
2.306196
2.302325
2.296689
2.300280
2.296821
2.298803
2.305377
2.301832
2.303860
2.301445
2.305482
2.307507
2.301871
2.297208
2.307139
2.297915
2.303304
2.299687
2.299332
2.306588
2.304114
2.301636
2.303822
2.301611
2.303284
2.298165
2.300042
2.308173
2.304445
2.305335
2.296746
2.305186
2.306325
2.303602
2.301664
2.303200
2.299536
2.309224
2.295519
2.299462
2.307142
2.300110
2.302677
2.293589
2.301435
2.297887
2.298081
2.303770
2.294796
2.307059
2.299473
2.298199
2.292599
2.297883
2.305547
2.293831
2.294288
2.298754
2.302043
2.300610
2.301544
2.299355
2.296896
2.296484
2.302038
2.292098
2.297282
2.295862
2.291949
2.293546
2.307274
2.308058
2.304829
2.288818
2.294096
2.300956
2.307732
2.302695
2.297309
2.297888
2.299764
2.311056
2.305242
2.301981
2.301756
2.300650
2.309491
2.297914
2.296513
2.293241
2.303704
2.305135
2.299384
2.296862
2.301192
2.310930
2.296150
2.302837
2.299213
2.306505
2.294432
2.295471
2.301143
2.304715
2.294520
2.308224
2.294139
2.301926
2.302123
2.301900
2.303625
2.305549
2.293581
2.305410
2.295267
2.297471
2.299134
2.304325
2.292652
2.291241
2.303729
2.304466
2.305628
2.301791
2.301168
2.299713
2.307711
2.299060
2.303859
2.307126
2.293365
2.304794
2.301550
2.302053
2.293799
2.296942
2.299145
2.293046
2.297762
2.308215
2.298652
2.302044
2.301006
2.304903
2.304319
2.299612
2.298045
2.300355
2.295528
2.306281
2.297506
2.305535
2.302182
2.305451
2.301449
2.296644
2.301969
2.299290
2.308392
2.304669
2.298350
2.306614
2.298309
2.306262
2.306071
2.303292
2.298751
2.306582
2.295875
2.311882
2.305096
2.299162
2.297624
2.306255
2.294786
2.305315
2.302558
2.297250
2.291156
2.307586
2.294888
2.294695
2.297086
2.302743
2.299058
2.295690
2.305208
2.300547
2.291915
2.295862
2.302520
2.305320
2.303901
2.293550
2.297197
2.300214
2.295070
2.294990
2.293161
2.297940
2.307178
2.306649
2.296788
2.300615
2.303056
2.300312
2.303139
2.288691
2.305443
2.307256
2.305576
2.305699
2.294872
2.303453
2.305302
2.298920
2.296905
2.298577
2.293843
2.293730
2.302294
2.299863
2.295689
2.306315
2.310088
2.298051
2.303890
2.299838
2.298475
2.304551
2.296358
2.303778
2.296471
2.293937
2.295705
2.309654
2.300707
2.288589
2.302956
2.304361
2.302123
2.302357
2.305222
2.293870
2.306480
2.304992
2.300780
2.293732
2.295268
2.303604
2.301792
2.304028
2.298176
2.286702
2.308183
2.301439
2.298918
2.303003
2.302221
2.292290
2.312076
2.306653
2.293286
2.292466
2.307212
2.294306
2.307485
2.304192
2.302781
2.297360
2.300125
2.298301
2.293920
2.289842
2.290988
2.297280
2.301451
2.301611
2.300418
2.301776
2.310632
2.303946
2.284491
2.303578
2.299211
2.295185
2.303074
2.302559
2.301321
2.298896
2.296568
2.301268
2.304980
2.293536
2.299202
2.292431
2.304465
2.305622
2.296014
2.292581
2.313789
2.298783
2.300209
2.300460
2.294832
2.308669
2.300289
2.303112
2.305338
2.297349
2.298449
2.297645
2.291538
2.293304
2.305982
2.305366
2.294306
2.306524
2.302029
2.291746
2.303882
2.290853
2.297457
2.306455
2.302380
2.296593
2.301480
2.305018
2.295987
2.302473
2.304442
2.298872
2.304244
2.300209
2.308767
2.290378
2.295916
2.298320
2.309363
2.309262
2.299208
2.301653
2.312569
2.296339
2.303923
2.304249
2.302612
2.306882
2.298877
2.307510
2.308974
2.295549
2.304570
2.297202
2.296948
2.303687
2.301563
2.301776
2.306084
2.300026
2.297657
2.296208
2.302354
2.295337
2.308668
2.307828
2.298444
2.298820
2.295407
2.296845
2.302595
2.293054
2.292004
2.305242
2.300888
2.299914
2.297525
2.301704
2.299120
2.302108
2.302372
2.303479
2.308508
2.304398
2.302618
2.299606
2.298863
2.304761
2.295367
2.294060
2.309122
2.304732
2.306612
2.298040
2.295743
2.303952
2.294995
2.300088
2.298958
2.303603
2.302972
2.300749
2.304276
2.303351
2.302250
2.304699
2.301126
2.302435
2.305798
2.299472
2.303145
2.297387
2.301559
2.305523
2.302790
2.303821
2.301291
2.294436
2.303878
2.298654
2.303472
2.295004
2.299396
2.303811
2.292942
2.297424
2.290591
2.299959
2.310969
2.295846
2.301269
2.299107
2.307954
2.297489
2.289947
2.295995
2.304830
2.296791
2.305554
2.301408
2.302321
2.295924
2.295326
2.299340
2.297807
2.292537
2.303357
2.308699
2.301329
2.302520
2.295928
2.306591
2.298671
2.298643
2.297479
2.290890
2.297758
2.295142
2.301569
2.297191
2.297999
2.309395
2.303577
2.304736
2.300576
2.307462
2.298908
2.306912
2.297139
2.304197
2.297657
2.299199
2.306746
2.305169
2.294239
2.297709
2.309240
2.298876
2.303916
2.296194
2.312784
2.299773
2.302673
2.302076
2.294250
2.309404
2.307244
2.301054
2.298027
2.299245
2.293151
2.292287
2.285492
2.305766
2.291701
2.298655
2.296897
2.302004
2.297935
2.300617
2.301968
2.297948
2.296798
2.302830
2.297683
2.301138
2.302384
2.298540
2.296360
2.294592
2.302467
2.309968
2.305234
2.297996
2.305642
2.298090
2.300483
2.293698
2.311137
2.297528
2.306604
2.299698
2.295078
2.295859
2.297595
2.294400
2.288529
2.298554
2.303290
2.311388
2.303228
2.305032
2.293596
2.308673
2.302589
2.297561
2.296836
2.298725
2.302398
2.300154
2.306019
2.294408
2.291775
2.298052
2.305323
2.301928
2.306380
2.304956
2.307633
2.301822
2.302299
2.303234
2.286724
2.308313
2.292962
2.305015
2.308085
2.303212
2.305416
2.305887
2.298588
2.294789
2.297604
2.291607
2.307748
2.309042
2.305650
2.298387
2.299858
2.302284
2.293856
2.305820
2.299132
2.305171
2.302995
2.298256
2.305215
2.301445
2.308546
2.297584
2.299657
2.301102
2.302849
2.296393
2.298026
2.292454
2.300089
2.297552
2.304712
2.305045
2.289039
2.304928
2.300539
2.301003
2.301570
2.298149
2.293542
2.304277
2.302853
2.299283
2.294076
2.308208
2.300708
2.300579
2.303408
2.302690
2.302460
2.306563
2.304606
2.297961
2.304052
2.301618
2.306178
2.302075
2.297700
2.304008
2.307762
2.300174
2.305658
2.295141
2.305656
2.308800
2.296958
2.306240
2.305612
2.303497
2.302526
2.306712
2.293330
2.302285
2.299213
2.295080
2.296531
2.301127
2.306436
2.294953
2.303762
2.294754
2.298452
2.296464
2.298893
2.299373
2.307165
2.300683
2.298686
2.305397
2.307032
2.299132
2.299572
2.293872
2.290315
2.295933
2.300382
2.293546
2.304588
2.298950
2.298946
2.306849
2.295707
2.305387
2.296689
2.306930
2.303721
2.306246
2.303256
2.306847
2.297280
2.298684
2.298631
2.302907
2.303135
2.308076
2.304087
2.298563
2.303363
2.303424
2.304615
2.296986
2.289006
2.303080
2.298825
2.297846
2.298549
2.296329
2.303909
2.293353
2.301899
2.304914
2.307539
2.303056
2.299642
2.295493
2.302007
2.299092
2.300734
2.298752
2.297581
2.301480
2.306758
2.291748
2.300384
2.302779
2.300504
2.294168
2.304495
2.303491
2.298382
2.294402
2.303539
2.300131
2.299487
2.307600
2.296814
2.293991
2.301952
2.297454
2.294832
2.299066
2.304396
2.305008
2.308601
2.303752
2.293559
2.298067
2.304693
2.295897
2.300384
2.296050
2.302349
2.292521
2.309229
2.294665
2.297304
2.286893
2.302441
2.298957
2.292682
2.293775
2.305397
2.305001
2.294831
2.299313
2.286558
2.298587
2.305220
2.294856
2.296615
2.306556
2.288302
2.302009
2.289602
2.298925
2.304855
2.300910
2.294766
2.294043
2.304182
2.296109
2.295320
2.300403
2.300348
2.309050
2.302755
2.295104
2.308860
2.298904
2.299614
2.302455
2.293509
2.294235
2.301633
2.294510
2.293741
2.302856
2.300606
2.310053
2.297085
2.293261
2.283850
2.305629
2.303934
2.295552
2.307416
2.303900
2.288109
2.294470
2.287882
2.305691
2.306824
2.311253
2.296850
2.293690
2.304275
2.297768
2.296986
2.296267
2.277671
2.298263
2.310141
2.300118
2.300207
2.310728
2.305120
2.291027
2.289143
2.293002
2.296883
2.302013
2.296537
2.297321
2.297021
2.307121
2.303263
2.295840
2.305653
2.291095
2.301488
2.304662
2.297248
2.302563
2.296647
2.295394
2.312424
2.302225
2.300207
2.301536
2.297376
2.293386
2.297826
2.296517
2.301244
2.302809
2.300783
2.297360
2.306146
2.291439
2.304272
2.310125
2.292437
2.295713
2.298536
2.292176
2.301292
2.282924
2.293828
2.307656
2.306756
2.303174
2.301399
2.317204
2.312698
2.305719
2.301804
2.305893
2.307096
2.301376
2.313495
2.309501
2.294814
2.300922
2.306719
2.288432
2.300424
2.289574
2.301529
2.303124
2.303880
2.291986
2.304249
2.307150
2.299147
2.298013
2.295540
2.303952
2.297281
2.283310
2.300931
2.304126
2.295291
2.304940
2.297218
2.300842
2.300642
2.298030
2.295535
2.307446
2.297362
2.300242
2.302206
2.296982
2.308708
2.302533
2.299814
2.295525
2.302700
2.307150
2.303326
2.299755
2.304362
2.305169
2.292660
2.306985
2.303531
2.300980
2.304935
2.302182
2.309629
2.297372
2.306692
2.298212
2.294418
2.297745
2.298217
2.299295
2.298868
2.302703
2.297464
2.309744
2.299685
2.296946
2.298592
2.304425
2.298921
2.302641
2.295613
2.310695
2.304469
2.301693
2.305989
2.297379
2.305736
2.300109
2.303375
2.309066
2.294556
2.303635
2.304654
2.306573
2.294661
2.296661
2.298475
2.301058
2.295508
2.298743
2.302017
2.305466
2.308358
2.297082
2.290205
2.307659
2.300202
2.299033
2.308835
2.308081
2.301945
2.304175
2.306156
2.299017
2.298609
2.295320
2.300898
2.305553
2.299469
2.301038
2.308132
2.302176
2.297884
2.294328
2.298448
2.303266
2.305419
2.297638
2.299529
2.297826
2.290123
2.294751
2.297843
2.296861
2.298842
2.303647
2.301180
2.300992
2.311431
2.298295
2.302363
2.297292
2.301921
2.302456
2.309198
2.299319
2.294518
2.295577
2.295803
2.293144
2.300548
2.299517
2.301537
2.305051
2.300842
2.296753
2.294250
2.301233
2.295222
2.307107
2.311270
2.297812
2.292178
2.305651
2.297778
2.298246
2.308119
2.295325
2.304272
2.310992
2.301096
2.301638
2.306756
2.301755
2.301509
2.300656
2.312305
2.294558
2.299213
2.300699
2.300255
2.302199
2.300525
2.298377
2.304553
2.302078
2.299562
2.300747
2.303369
2.303924
2.297886
2.292885
2.304278
2.296292
2.297422
2.301819
2.298607
2.307485
2.302076
2.301506
2.301713
2.298312
2.297081
2.299285
2.307002
2.296909
2.300858
2.302117
2.300377
2.297085
2.300737
2.295170
2.296806
2.303792
2.306968
2.287877
2.303100
2.310651
2.293668
2.290731
2.297395
2.297298
2.303528
2.292069
2.297209
2.309591
2.305278
2.301889
2.310043
2.305663
2.299914
2.296243
2.301602
2.305147
2.299136
2.306840
2.292503
2.297876
2.300754
2.297636
2.309790
2.310186
2.286277
2.304720
2.304456
2.300997
2.300756
2.303565
2.302108
2.296987
2.299974
2.298413
2.305453
2.304108
2.296004
2.306964
2.301515
2.303449
2.295850
2.301986
2.303470
2.291571
2.306943
2.300731
2.311463
2.299000
2.305752
2.307821
2.292185
2.292448
2.304351
2.304700
2.294639
2.306579
2.294327
2.296888
2.303467
2.296860
2.303279
2.309977
2.304572
2.307933
2.297999
2.299796
2.296726
2.307282
2.297377
2.306251
2.294642
2.303669
2.300847
2.303994
2.299781
2.301299
2.297989
2.302513
2.306903
2.303924
2.296266
2.298261
2.291984
2.293816
2.293392
2.304160
2.302370
2.290205
2.301632
2.302083
2.300822
2.308094
2.304199
2.290583
2.297672
2.302249
2.310579
2.305977
2.302685
2.311854
2.299087
2.297506
2.297871
2.302949
2.300954
2.306282
2.306292
2.297668
2.301822
2.300052
2.302056
2.294641
2.300925
2.301142
2.300468
2.294078
2.302574
2.303110
2.305675
2.302463
2.296675
2.289482
2.297631
2.303642
2.299701
2.305202
2.294651
2.299280
2.293017
2.296228
2.299221
2.305298
2.296840
2.305181
2.301278
2.296808
2.295452
2.305176
2.297751
2.305336
2.293637
2.309107
2.307385
2.295472
2.300017
2.299609
2.296733
2.302370
2.299596
2.305419
2.297669
2.298884
2.300187
2.298736
2.302168
2.298229
2.303876
2.304091
2.311991
2.297569
2.295643
2.292787
2.300649
2.299860
2.301813
2.303380
2.301986
2.297170
2.311925
2.292684
2.297018
2.301360
2.297151
2.297139
2.302355
2.296901
2.304881
2.289567
2.302137
2.308259
2.294384
2.298070
2.296721
2.300702
2.304596
2.301030
2.305438
2.295680
2.299495
2.303253
2.297853
2.292460
2.304213
2.290346
2.300101
2.303912
2.309949
2.307272
2.287659
2.301417
2.301691
2.301837
2.305983
2.299061
2.301918
2.301637
