2.301100
2.304424
2.299046
2.299964
2.295396
2.291907
2.299132
2.292003
2.294310
2.290086
2.289886
2.293826
2.285315
2.289519
2.286327
2.283474
2.281448
2.288321
2.282621
2.278113
2.283889
2.279547
2.272550
2.273432
2.271902
2.268640
2.267919
2.261238
2.254642
2.260882
2.261841
2.261792
2.248100
2.247088
2.243025
2.247725
2.226662
2.235008
2.225791
2.234857
2.215713
2.218125
2.218869
2.186166
2.180620
2.179031
2.185513
2.195777
2.174656
2.169340
2.160658
2.162084
2.123629
2.130007
2.125464
2.140285
2.119584
2.097504
2.083059
2.048355
2.067649
2.055678
2.040683
2.015909
1.972574
1.958803
1.945767
1.875522
1.907657
1.864150
1.870742
1.865921
1.807515
1.770204
1.726792
1.742124
1.690995
1.601857
1.569022
1.574618
1.475058
1.507561
1.369852
1.364252
1.262926
1.281216
1.263767
1.250877
1.224893
1.173936
1.175122
1.232656
1.173198
1.299591
1.129964
1.084881
1.115035
1.110978
1.136182
1.075392
1.540805
1.102557
1.074981
0.911784
0.914877
0.841726
0.685613
0.762848
0.887972
0.853170
0.899922
0.929647
1.061783
0.890332
0.820351
0.795049
0.833478
0.942217
0.953913
1.004837
0.926764
0.706108
0.678973
0.787970
0.711026
0.803419
0.729470
0.777114
0.627242
0.813442
0.949508
0.983244
1.174775
0.929719
0.811951
0.638213
0.565680
0.613392
0.546370
0.650703
0.674594
0.595764
0.678321
0.641781
0.615854
0.656155
0.490994
0.477800
0.489939
0.573596
0.673611
0.983050
0.734624
0.531833
0.554793
0.376124
0.533333
0.462339
0.473260
0.702115
0.720496
0.634678
0.577487
0.567070
0.542732
0.956642
0.930982
0.662197
0.687658
0.572295
0.631841
0.517012
0.522557
0.381095
0.439906
0.466651
0.450785
0.473413
0.574992
0.479925
0.412603
0.465285
0.562835
0.582292
0.557951
0.550565
0.482370
0.546272
0.296245
0.502149
0.447262
0.551362
0.454956
0.561240
0.637243
0.393109
0.469074
0.430310
0.349277
0.402542
0.476965
0.399378
0.424685
0.385455
0.454293
0.377822
0.396650
0.762903
0.506626
0.543841
0.492176
0.390747
0.342034
0.324303
0.370226
0.465180
0.295968
0.353328
0.395378
0.401193
0.446425
0.360473
0.530163
0.385025
0.517044
0.336808
0.405434
0.302187
0.300798
0.281211
0.477772
0.281108
0.370991
0.358124
0.335698
0.296727
0.261431
0.317873
0.356425
0.267461
0.381091
0.356588
0.332265
0.353513
0.360553
0.331606
0.355461
0.264046
0.326474
0.279757
0.337476
0.346032
0.229290
0.507063
0.606959
0.496150
0.389127
0.386571
0.352677
0.387714
0.287327
0.250147
0.360411
0.226121
0.333966
0.426887
0.273365
0.298817
0.242009
0.304809
0.269245
0.364142
0.317938
0.299988
0.317976
0.302865
0.517048
0.442942
0.380017
0.525928
0.284694
0.407759
0.453579
0.477435
0.358777
0.406930
0.310996
0.344372
0.220243
0.271601
0.278303
0.294428
0.336432
0.270151
0.289868
0.314905
0.304462
0.327923
0.320567
0.340175
0.196116
0.288509
0.303308
0.241719
0.232152
0.267798
0.348232
0.316674
0.356820
0.296283
0.340225
0.287636
0.210569
0.355738
0.200442
0.344425
0.231883
0.205718
0.265808
0.306650
0.207643
0.299685
0.359412
0.240691
0.394394
0.308381
0.272459
0.460233
0.241492
0.253434
0.321017
0.288826
0.297688
0.212682
0.278611
0.250855
0.354001
0.207698
0.327034
0.341822
0.173629
0.352213
0.314992
0.334775
0.204721
0.222724
0.293137
0.258745
0.285313
0.318886
0.252433
0.217130
0.288532
0.273271
0.300358
0.271865
0.233738
0.224748
0.246614
0.203705
0.194069
0.327158
0.259544
0.254653
0.279712
0.376734
0.162379
0.138782
0.188389
0.242046
0.220339
0.371294
0.291388
0.173247
0.158198
0.210518
0.221056
0.228265
0.243827
0.420564
0.242042
0.311837
0.228923
0.217391
0.363476
0.317274
0.246647
0.180845
0.174034
0.257768
0.344268
0.339762
0.191281
0.282899
0.314443
0.241279
0.124094
0.261986
0.157488
0.225156
0.162598
0.257073
0.388777
0.168557
0.224351
0.265589
0.124786
0.290238
0.254035
0.262207
0.187924
0.204527
0.197808
0.237008
0.177493
0.214813
0.225476
0.336074
0.360200
0.306624
0.178987
0.255415
0.203371
0.178734
0.176943
0.144135
0.222653
0.143087
0.220685
0.260848
0.129512
0.225631
0.154175
0.230146
0.158720
0.172942
0.323465
0.312838
0.214359
0.107516
0.160072
0.174430
0.320467
0.124924
0.272474
0.337219
0.226828
0.139859
0.212454
0.174678
0.163310
0.179999
0.207586
0.146298
0.231612
0.150623
0.150272
0.243714
0.147515
0.167956
0.185171
0.122618
0.146256
0.173816
0.193390
0.227845
0.243404
0.285578
0.187099
0.164091
0.126460
0.198429
0.168897
0.171935
0.157991
0.285643
0.148456
0.208006
0.180383
0.216240
0.151160
0.133671
0.211560
0.158438
0.210786
0.314249
0.226654
0.150387
0.155426
0.144635
0.191387
0.164905
0.125602
0.120490
0.186177
0.263638
0.155269
0.134464
0.134752
0.201350
0.139189
0.195932
0.184065
0.268364
0.155702
0.173988
0.128546
0.251586
0.143838
0.160318
0.218248
0.316705
0.148060
0.259845
0.220318
0.126152
0.214004
0.127869
0.259149
0.413247
0.160203
0.135366
0.145075
0.201421
0.124511
0.145953
0.180719
0.180332
0.250287
0.240296
0.142016
0.236823
0.108395
0.166502
0.203210
0.300453
0.225923
0.220022
0.181222
0.204482
0.155849
0.195795
0.154142
0.171215
0.186213
0.206246
0.131010
0.163783
0.202005
0.188950
0.092561
0.196946
0.257785
0.142025
0.203578
0.144132
0.140951
0.156584
0.135509
0.102923
0.188604
0.159973
0.197086
0.158619
0.113877
0.256851
0.185330
0.244053
0.116293
0.231714
0.236616
0.153413
0.131862
0.138309
0.219302
0.157805
0.134058
0.167054
0.125043
0.226153
0.211967
0.203765
0.153776
0.244253
0.188777
0.257039
0.199890
0.254878
0.192128
0.263619
0.089098
0.134140
0.194136
0.102874
0.193761
0.097581
0.115823
0.247052
0.120793
0.126465
0.238291
0.107572
0.115435
0.244847
0.148997
0.178303
0.215934
0.169677
0.187753
0.234774
0.105128
0.202809
0.141743
0.113969
0.088673
0.210424
0.110176
0.238412
0.176727
0.188652
0.139065
0.126982
0.080067
0.079445
0.159399
0.122036
0.158294
0.113583
0.216884
0.196443
0.176298
0.107973
0.108444
0.069845
0.110538
0.168598
0.203827
0.185346
0.116547
0.157221
0.125481
0.215478
0.156528
0.112596
0.241555
0.122697
0.236502
0.146787
0.152828
0.143536
0.157566
0.089881
0.145533
0.128464
0.138111
0.081785
0.144552
0.093238
0.122927
0.101277
0.113908
0.220285
0.189988
0.150174
0.176443
0.193211
0.211178
0.206907
0.108834
0.202708
0.148389
0.215762
0.155027
0.120519
0.167685
0.147808
0.123418
0.146171
0.067024
0.126569
0.192569
0.119626
0.129808
0.129794
0.131601
0.087809
0.097406
0.108014
0.126859
0.114824
0.199844
0.164692
0.197751
0.179272
0.170107
0.137266
0.177891
0.175145
0.095277
0.089889
0.238674
0.211887
0.177777
0.134512
0.200446
0.129689
0.229823
0.198610
0.131457
0.106884
0.178201
0.101543
0.098218
0.120240
0.096343
0.114756
0.137054
0.086147
0.118059
0.127545
0.111460
0.197701
0.071005
0.120009
0.207317
0.150677
0.088761
0.130038
0.090521
0.097345
0.202997
0.089007
0.214054
0.062508
0.133394
0.096688
0.141296
0.165072
0.140614
0.108509
0.217504
0.123045
0.069755
0.205451
0.216087
0.188372
0.141079
0.114820
0.084224
0.090032
0.098528
0.125481
0.088871
0.135806
0.075688
0.125594
0.083985
0.098546
0.110517
0.177715
0.059595
0.158366
0.109393
0.113456
0.050631
0.201668
0.113481
0.097873
0.105163
0.121767
0.118440
0.148646
0.187931
0.336816
0.187786
0.106240
0.101739
0.142871
0.145680
0.130829
0.166545
0.067926
0.119085
0.076405
0.054701
0.152522
0.143981
0.201143
0.140725
0.197051
0.174469
0.184446
0.173460
0.084570
0.118164
0.130344
0.088230
0.090878
0.068207
0.130020
0.120786
0.182851
0.156128
0.119711
0.140386
0.077717
0.089798
0.131678
0.104397
0.084595
0.187919
0.064221
0.173168
0.112449
0.100247
0.064238
0.065077
0.103688
0.181011
0.087904
0.040093
0.158330
0.186404
0.116628
0.130964
0.175989
0.107058
0.078157
0.129195
0.168222
0.126927
0.063772
0.104908
0.092821
0.087341
0.066676
0.095641
0.065653
0.097549
0.034710
0.066275
0.098883
0.115623
0.055399
0.087244
0.072377
0.089285
0.153581
0.098039
0.061313
0.279903
0.093694
0.097013
0.153922
0.108048
0.423883
0.165570
0.136547
0.061590
0.098850
0.126131
0.162473
0.099399
0.046541
0.109392
0.163097
0.113005
0.103112
0.172218
0.064223
0.228374
0.066576
0.104270
0.196080
0.135438
0.171042
0.115393
0.111992
0.125142
0.125023
0.064676
0.119739
0.041244
0.051276
0.120080
0.077048
0.091085
0.118227
0.066711
0.118223
0.089351
0.083093
0.122733
0.105316
0.154202
0.132493
0.110878
0.134525
0.115597
0.101493
0.123493
0.144770
0.109289
0.141203
0.052542
0.149595
0.041743
0.148432
0.145481
0.103075
0.157516
0.124511
0.117131
0.124254
0.123777
0.041203
0.104959
0.106753
0.106215
0.117559
0.085891
0.075867
0.114900
0.110372
0.144505
0.097769
0.113675
0.078842
0.114826
0.084087
0.090558
0.122656
0.129044
0.075628
0.058407
0.088413
0.126038
0.072024
0.109793
0.076880
0.078195
0.073180
0.114662
0.077683
0.108416
0.145515
0.082011
0.075811
0.088589
0.109100
0.137603
0.061705
0.155695
0.103130
0.100452
0.097446
0.143272
0.042797
0.138594
0.103250
0.128094
0.060800
0.041318
0.103070
0.168794
0.108334
0.079168
0.180118
0.168512
0.088219
0.158194
0.096876
0.070133
0.152161
0.067991
0.113597
0.086417
0.072113
0.116683
0.088137
0.078397
0.139137
0.090087
0.156686
0.073681
0.126299
0.085082
0.159589
0.072265
0.122815
0.058363
0.125202
0.123324
0.129072
0.198486
0.160172
0.176373
0.059971
0.095232
0.067090
0.067174
0.076862
0.062576
0.128012
0.092934
0.057087
0.153417
0.077474
0.075048
0.101352
0.079081
0.097823
0.148356
0.069015
0.065780
0.074136
0.045647
0.061763
0.127393
0.101424
0.105905
0.102346
0.085010
0.052921
0.053413
0.090467
0.173093
0.130462
0.048070
0.069703
0.086854
0.092050
0.061819
0.120887
0.057704
0.082636
0.041719
0.188460
0.066268
0.135453
0.165744
0.119166
0.087470
0.077828
0.103067
0.136343
0.151338
0.064834
0.093600
0.116313
0.045033
0.160750
0.078250
0.050030
0.098982
0.105816
0.091979
0.078605
0.070632
0.048649
0.038113
0.090620
0.147653
0.045803
0.133469
0.074485
0.108849
0.065315
0.054250
0.169330
0.062198
0.113377
0.068176
0.100386
0.113909
0.169235
0.119739
0.098223
0.106395
0.153450
0.093278
0.155366
0.113340
0.187502
0.045954
0.087730
0.033667
0.067901
0.144088
0.096199
0.077383
0.071565
0.109192
0.102137
0.042788
0.142027
0.050997
0.110788
0.053353
0.093586
0.095935
0.053634
0.075853
0.095972
0.100477
0.075042
0.093819
0.079898
0.139484
0.093313
0.074821
0.135059
0.138023
0.039584
0.070975
0.123726
0.076780
0.090759
0.056053
0.076867
0.061996
0.117049
0.064781
0.120332
0.122271
0.103145
0.068448
0.094674
0.096017
0.091853
0.120982
0.036295
0.086721
0.132889
0.149446
0.126335
0.082205
0.141907
0.093179
0.098889
0.108077
0.049325
0.092242
0.037064
0.056949
0.126714
0.096228
0.068938
0.074937
0.071840
0.059363
0.163310
0.193678
0.078158
0.083424
0.077060
0.096356
0.083124
0.047068
0.043804
0.095651
0.069544
0.084777
0.140867
0.050087
0.117238
0.078235
0.073383
0.071098
0.105604
0.104116
0.074482
0.031715
0.084748
0.100692
0.102194
0.074638
0.093459
0.078101
0.061532
0.069367
0.032673
0.077643
0.063144
0.094773
0.088383
0.113004
0.033534
0.035419
0.032356
0.067487
0.074122
0.131950
0.040662
0.053039
0.155508
0.120177
0.064026
0.115654
0.124619
0.073957
0.074687
0.115382
0.115665
0.109912
0.077578
0.070924
0.112721
0.044709
0.067456
0.042260
0.090703
0.051911
0.064139
0.028429
0.080295
0.074843
0.063394
0.098681
0.169166
0.025481
0.090182
0.068732
0.059625
0.078284
0.069607
0.105915
0.050978
0.027760
0.055411
0.045536
0.052289
0.082344
0.074420
0.029303
0.112010
0.064983
0.081761
0.064542
0.067581
0.101886
0.028162
0.112410
0.079935
0.136822
0.157993
0.043722
0.083975
0.068870
0.076647
0.077318
0.099427
0.081639
0.039480
0.079868
0.063551
0.079118
0.084552
0.067115
0.112288
0.161387
0.043857
0.041056
0.101412
0.080420
0.036565
0.045254
0.030001
0.087337
0.071222
0.120838
0.058156
0.083134
0.083056
0.085521
0.052854
0.099245
0.072249
0.050279
0.056398
0.056635
0.065944
0.047703
0.101418
0.110340
0.054806
0.082785
0.085422
0.149769
0.101193
0.131303
0.053916
0.147340
0.044378
0.090771
0.132077
0.042145
0.038861
0.084915
0.059471
0.071195
0.048988
0.120918
0.060183
0.034157
0.043867
0.084051
0.035959
0.089418
0.067661
0.109872
0.058905
0.029999
0.076282
0.156280
0.066878
0.040707
0.035017
0.064994
0.068890
0.055889
0.063907
0.069000
0.095135
0.067266
0.046530
0.064591
0.094514
0.051522
0.064021
0.129220
0.046589
0.036948
0.079268
0.081529
0.092246
0.098415
0.044229
0.130208
0.025271
0.048653
0.159151
0.086451
0.097826
0.029439
0.040676
0.103154
0.061661
0.091233
0.113713
0.063046
0.084801
0.083821
0.059704
0.047800
0.026486
0.038006
0.074870
0.043741
0.034730
0.055408
0.039802
0.061630
0.102546
0.070345
0.069570
0.060826
0.062742
0.051804
0.055137
0.045717
0.055797
0.039471
0.030081
0.017348
0.055168
0.066153
0.125156
0.087415
0.110828
0.081577
0.114273
0.075403
0.073262
0.103705
0.047889
0.028916
0.063108
0.118546
0.059473
0.087054
0.101056
0.068919
0.079451
0.081324
0.029246
0.102143
0.049309
0.038656
0.085619
0.023201
0.074860
0.066072
0.056916
0.035005
0.137086
0.070907
0.053681
0.056797
0.076799
0.067662
0.103037
0.049738
0.133423
0.063997
0.080403
0.077249
0.084495
0.060351
0.121782
0.067056
0.062966
0.082434
0.067808
0.077936
0.048971
0.051016
0.054732
0.107916
0.054025
0.040995
0.058063
0.042376
0.072309
0.064332
0.082915
0.161390
0.073686
0.054722
0.052754
0.033573
0.082594
0.107894
0.083325
0.082052
0.050753
0.113577
0.052446
0.050638
0.158777
0.049303
0.071690
0.035485
0.081725
0.033370
0.068274
0.061904
0.067819
0.048305
0.102479
0.094164
0.030248
0.043010
0.057444
0.092467
0.037097
0.036861
0.032975
0.035805
0.058372
0.077217
0.061956
0.035988
0.069584
0.042559
0.056222
0.038677
0.036410
0.153423
0.031052
0.085007
0.056465
0.060601
0.055598
0.086202
0.079276
0.024358
0.082832
0.046920
0.067726
0.031209
0.057362
0.066774
0.019505
0.043346
0.077041
0.042491
0.051823
0.051866
0.060210
0.030180
0.036016
0.037278
0.120200
0.030835
0.063623
0.056647
0.088388
0.074292
0.106066
0.033411
0.054731
0.052182
0.111317
0.105295
0.076823
0.024884
0.069274
0.077646
0.035643
0.056405
0.044479
0.081279
0.047825
0.052134
0.068686
0.076092
0.029160
0.080831
0.072512
0.053040
0.094126
0.086825
0.036787
0.035953
0.053815
0.063014
0.030418
0.050396
0.034305
0.037530
0.105566
0.057199
0.033778
0.027854
0.022660
0.046681
0.034112
0.053292
0.030981
0.072063
0.067556
0.124260
0.045709
0.021061
0.068405
0.072858
0.070081
0.072632
0.039980
0.102620
0.035609
0.054995
0.095424
0.054333
0.034430
0.061874
0.017948
0.061555
0.070948
0.079578
0.075816
0.091928
0.106816
0.114433
0.024238
0.114052
0.072833
0.174658
0.031123
0.042756
0.043936
0.030550
0.073409
0.128734
0.079805
0.049107
0.042699
0.036564
0.044135
0.092922
0.059506
0.039323
0.046011
0.056387
0.054078
0.080934
0.052774
0.043583
0.034810
0.071054
0.036021
0.058439
0.054024
0.111037
0.053260
0.025214
0.045002
0.024083
0.023653
0.047597
0.018691
0.038708
0.040802
0.117327
0.074556
0.074738
0.082108
0.040732
0.096187
0.028561
0.055998
0.079994
0.053390
0.117456
0.033921
0.027306
0.073105
0.049522
0.029058
0.095907
0.102474
0.063099
0.061441
0.036220
0.033617
0.033461
0.042270
0.056509
0.050449
0.046797
0.047956
0.058973
0.083350
0.044599
0.072012
0.067406
0.105050
0.028503
0.051373
0.041270
0.032030
0.020751
0.020670
0.056457
0.042581
0.068202
0.041869
0.045427
0.046849
0.083548
0.032615
0.035670
0.041647
0.035344
0.030791
0.067633
0.096576
0.041333
0.032362
0.055298
0.056989
0.037369
0.068365
0.044354
0.064852
0.055867
0.076109
0.091466
0.065162
0.090443
0.047238
0.084828
0.036110
0.041599
0.043836
0.037327
0.017497
0.041731
0.054885
0.053866
0.049960
0.033691
0.067262
0.055649
0.079108
0.048531
0.023637
0.048554
0.037632
0.040499
0.086247
0.077942
0.067369
0.035446
0.046723
0.056799
0.044491
0.064777
0.088493
0.085641
0.024923
0.027518
0.027349
0.026935
0.064106
0.032007
0.046218
0.030885
0.065290
0.019514
0.131915
0.112619
0.033605
0.110428
0.086012
0.048554
0.054924
0.035293
0.055770
0.029400
0.036297
0.051394
0.109227
0.079510
0.017367
0.070829
0.091918
0.054516
0.075164
0.086784
0.032800
0.068521
0.045042
0.056346
0.034290
0.049880
0.062862
0.033486
0.025085
0.035730
0.041763
0.047606
0.071600
0.070652
0.055990
0.026639
0.053243
0.045925
0.043397
0.056106
0.080231
0.041829
0.063994
0.083067
0.032009
0.044048
0.053861
0.080095
0.042325
0.047567
0.077253
0.036488
0.018742
0.090357
0.048941
0.107665
0.026730
0.024846
0.088978
0.031708
0.047976
0.032546
0.094642
0.070852
0.024539
0.015339
0.083189
0.088485
0.036658
0.027752
0.034396
0.017921
0.058242
0.044090
0.067728
0.063398
0.020410
0.058832
0.035828
0.022187
0.086098
0.033007
0.070762
0.070595
0.063667
0.029081
0.033542
0.075769
0.038559
0.046872
0.061688
0.059459
0.044070
0.032399
0.021616
0.029816
0.067133
0.023570
0.045206
0.061800
0.027612
0.107127
0.059369
0.024282
0.042719
0.045288
0.057691
0.055526
0.061834
0.048168
0.025464
0.050749
0.038298
0.046492
0.045930
0.075005
0.049019
0.057520
0.030057
0.051655
0.106721
0.031850
0.029548
0.018405
0.024895
0.109882
0.051092
0.029380
0.036706
0.040508
0.097807
0.018715
0.069829
0.019500
0.034384
0.049445
0.058282
0.022101
0.051892
0.043199
0.100081
0.124983
0.034183
0.041797
0.040050
0.039595
0.020018
0.042116
0.073346
0.046512
0.044815
0.038276
0.024451
0.062790
0.038943
0.043197
0.021045
0.047909
0.040251
0.078227
0.038605
0.014611
0.075979
0.073018
0.048874
0.048319
0.072033
0.031800
0.043107
0.039163
0.046915
0.045539
0.074926
0.038127
0.074943
0.061054
0.060247
0.047598
0.042940
0.096205
0.045088
0.052898
0.044847
0.080480
0.054470
0.065602
0.043767
0.019245
0.022255
0.096715
0.059756
0.021985
0.014410
0.039492
0.024537
0.058050
0.032140
0.026084
0.041577
0.022315
0.068923
0.024172
0.035823
0.028088
0.055695
0.011609
0.087060
0.030342
0.025986
0.035278
0.075775
0.057217
0.075893
0.034305
0.031690
0.077046
0.019457
0.078478
0.068582
0.017927
0.030020
0.023375
0.059724
0.048736
0.025322
0.064203
0.084196
0.015515
0.021549
0.037392
0.023039
0.059525
0.065887
0.112159
0.069830
0.019515
0.027337
0.029710
0.051786
0.040759
0.023037
0.034441
0.033908
0.060061
0.018439
0.044139
0.073260
0.027063
0.059740
0.027014
0.051759
0.100095
0.050103
0.065827
0.050711
0.057099
0.065478
0.049937
0.024103
0.037343
0.039914
0.057188
0.019054
0.075247
0.027735
0.035090
0.061824
0.025109
0.056184
0.047814
0.022434
0.047146
0.035146
0.061981
0.014592
0.028977
0.022676
0.056145
0.046534
