2.302655
2.302251
2.301885
2.301746
2.301298
2.300825
2.300335
2.300484
2.301062
2.300479
2.301537
2.299564
2.300225
2.299144
2.298648
2.301279
2.299568
2.299260
2.299136
2.298539
2.300860
2.298612
2.302246
2.298938
2.298878
2.296314
2.297337
2.298328
2.298889
2.298927
2.299111
2.298769
2.298310
2.295683
2.295456
2.296869
2.294319
2.295339
2.295165
2.292131
2.294490
2.294726
2.297468
2.297572
2.296566
2.296371
2.292221
2.290781
2.290222
2.295979
2.296727
2.286874
2.292680
2.291633
2.296402
2.289187
2.287713
2.293375
2.287268
2.293925
2.290004
2.290076
2.295635
2.295577
2.290226
2.289961
2.288177
2.281845
2.285945
2.288741
2.293942
2.287924
2.290142
2.291769
2.295908
2.283700
2.285143
2.289839
2.285037
2.282525
2.283450
2.288530
2.290544
2.281774
2.279135
2.280347
2.280843
2.274506
2.286038
2.281180
2.284221
2.275127
2.268593
2.284607
2.284163
2.272145
2.275314
2.275419
2.283118
2.274370
2.271901
2.271750
2.275474
2.270481
2.268329
2.274307
2.271563
2.270116
2.267041
2.269617
2.265643
2.266265
2.255625
2.257182
2.263230
2.260469
2.254142
2.264692
2.257688
2.251729
2.255906
2.250146
2.249382
2.247535
2.256215
2.233220
2.231193
2.228415
2.234796
2.241926
2.238512
2.230304
2.221636
2.221119
2.237991
2.207218
2.209045
2.215439
2.192345
2.219990
2.198542
2.192400
2.196915
2.186796
2.195886
2.183233
2.180996
2.184179
2.159321
2.158651
2.146872
2.135328
2.142725
2.132773
2.115653
2.085537
2.073004
2.113272
2.065655
2.036355
2.047187
2.085967
2.040469
1.991898
2.003628
1.959624
1.972262
1.937908
1.939961
1.953555
1.938423
1.817878
1.864806
1.815439
1.810155
1.778336
1.679728
1.716357
1.693366
1.679012
1.636876
1.596482
1.472708
1.593701
1.611591
1.553176
1.463577
1.441499
1.370621
1.372234
1.297190
1.165232
1.327255
1.738358
2.085410
1.490928
1.300086
1.254628
1.228322
1.267314
1.153258
1.111362
1.096970
1.119399
1.062853
1.079311
1.298322
1.317725
1.162354
1.132751
1.066242
1.273706
1.858417
1.637421
1.250786
1.127470
0.936600
0.940580
0.823213
0.859276
1.057411
0.938782
0.791658
0.783448
0.876138
0.833082
1.153944
1.840340
1.638849
0.913571
0.907815
0.856175
0.805079
0.817676
0.831948
0.749436
0.851520
0.780809
0.876174
1.354957
1.996422
1.154185
0.921297
0.869495
0.843641
0.810072
0.937153
0.801628
0.690304
0.624562
0.826257
0.848995
0.982682
0.900228
0.912165
0.692857
0.833903
0.664628
0.804650
0.673433
0.827024
0.979749
0.709508
0.780331
0.800437
0.580748
0.716620
0.593759
0.804738
0.852166
1.334891
1.201805
0.812288
0.685407
0.664705
0.568637
0.585963
0.607884
0.708732
0.770878
0.770508
0.699270
0.545756
0.645243
0.545383
0.961433
0.792937
0.784641
0.560673
0.582675
0.737298
0.701023
0.484919
0.523958
0.505375
0.493058
0.543373
0.442005
0.551829
0.761789
0.674955
0.872469
0.753888
1.141342
0.980779
0.784969
0.676436
0.572632
0.653303
0.739387
0.511574
0.609875
0.551601
0.694113
0.566799
0.755081
0.612922
0.562626
0.485547
0.586459
0.515747
0.578026
0.672777
0.619533
0.602823
0.454800
0.517412
0.497982
0.542090
0.620457
0.818294
0.754469
0.504237
0.457597
0.594411
0.577259
0.537752
0.531496
0.412104
0.650152
0.511634
0.523607
0.450535
0.423276
0.403922
0.389338
0.515050
0.466529
0.690651
1.006046
0.622036
0.682828
0.544950
0.442985
0.440677
0.368180
0.417581
0.538019
0.520406
0.568974
0.492808
0.323240
0.402680
0.445552
0.590965
0.727200
0.409921
0.474201
0.360944
0.363730
0.541500
0.417114
0.353763
0.334945
0.323419
0.378304
0.432445
0.403972
0.497073
0.474182
0.396813
0.388142
0.409132
0.325465
0.459405
0.342012
0.359655
0.373590
0.413066
0.530761
0.507288
0.528549
0.436801
0.490239
0.388354
0.370867
0.259109
0.378636
0.433753
0.563176
0.370875
0.299487
0.358383
0.456243
0.405304
0.481233
0.405569
0.430499
0.480138
0.538658
0.403771
0.336077
0.375853
0.327413
0.355967
0.325296
0.451383
0.354889
0.408705
0.353513
0.382980
0.371355
0.294022
0.343080
0.354536
0.398376
0.348147
0.396109
0.465162
0.443458
0.577158
0.379219
0.483825
0.269834
0.335434
0.407201
0.480878
0.514499
0.513819
0.501115
0.457985
0.556298
0.494610
0.469342
0.343317
0.513782
0.318972
0.366327
0.273826
0.401976
0.481119
0.498297
0.276701
0.359652
0.329659
0.372441
0.486860
0.392643
0.327485
0.274557
0.406296
0.568883
0.363966
0.269643
0.366311
0.434168
0.287665
0.219414
0.396701
0.390906
0.206090
0.374281
0.225216
0.305915
0.365910
0.322275
0.288013
0.331297
0.334896
0.410230
0.395932
0.369147
0.287451
0.272583
0.264743
0.279067
0.290406
0.276154
0.243785
0.389504
0.371549
0.295528
0.408059
0.291449
0.350445
0.427959
0.270945
0.291543
0.296136
0.414858
0.469023
0.393779
0.300802
0.420577
0.378636
0.229093
0.291365
0.310892
0.286983
0.402323
0.231645
0.358731
0.191954
0.267750
0.369945
0.364385
0.304096
0.257027
0.245658
0.270584
0.234071
0.206298
0.264702
0.392242
0.371380
0.311739
0.239833
0.211085
0.369764
0.285277
0.287819
0.291748
0.329797
0.265567
0.254736
0.272234
0.205453
0.321351
0.288051
0.274955
0.230729
0.290841
0.221247
0.284930
0.210182
0.157743
0.221450
0.277223
0.243569
0.237775
0.383935
0.181623
0.224939
0.461102
0.294153
0.194920
0.234253
0.322160
0.299705
0.399963
0.264244
0.268572
0.253583
0.219589
0.254747
0.338797
0.294203
0.335437
0.241827
0.263630
0.317913
0.262634
0.220319
0.313795
0.284621
0.177029
0.225657
0.245068
0.233299
0.218598
0.256315
0.168203
0.287544
0.244146
0.279497
0.217114
0.228292
0.310145
0.348059
0.340753
0.212537
0.280660
0.345253
0.262850
0.190245
0.235963
0.248741
0.187649
0.231750
0.242442
0.206380
0.146797
0.385954
0.301341
0.269007
0.232215
0.337091
0.243145
0.285685
0.415456
0.300771
0.275054
0.333466
0.282095
0.306349
0.265519
0.200309
0.175815
0.285663
0.230402
0.269029
0.252571
0.216322
0.250420
0.409803
0.163953
0.226444
0.185164
0.208432
0.355096
0.352424
0.189161
0.292657
0.301645
0.335938
0.425652
0.222732
0.198626
0.387282
0.225976
0.248196
0.242242
0.200492
0.223945
0.281328
0.273642
0.296346
0.295026
0.222274
0.168750
0.302683
0.290081
0.114227
0.314394
0.157001
0.260814
0.251592
0.352614
0.191653
0.304444
0.210766
0.272639
0.188637
0.251414
0.184661
0.253398
0.198186
0.190224
0.349341
0.248929
0.240737
0.164314
0.178306
0.164467
0.137091
0.152267
0.144510
0.146509
0.160287
0.215415
0.197290
0.380925
0.222230
0.251257
0.178600
0.253551
0.182922
0.288469
0.225936
0.210185
0.209855
0.163877
0.154906
0.128017
0.228875
0.255780
0.200626
0.245057
0.296621
0.202435
0.117964
0.231824
0.212026
0.270161
0.271822
0.218583
0.180774
0.198274
0.314355
0.204261
0.248108
0.283983
0.165567
0.194002
0.228658
0.221064
0.308566
0.169000
0.288757
0.274061
0.242443
0.207772
0.225144
0.278722
0.155168
0.190317
0.248200
0.199205
0.191027
0.120370
0.274925
0.361222
0.176724
0.258283
0.129667
0.127224
0.360818
0.163027
0.166162
0.159154
0.165756
0.181305
0.223948
0.238226
0.167216
0.168338
0.198452
0.214983
0.148192
0.224698
0.126418
0.238164
0.248756
0.229724
0.143346
0.227297
0.224479
0.241333
0.244996
0.208627
0.130317
0.151227
0.376665
0.174318
0.204740
0.378827
0.236716
0.238515
0.120189
0.150369
0.178635
0.170389
0.169993
0.280712
0.278926
0.314898
0.381387
0.317949
0.178644
0.199623
0.231213
0.176880
0.107622
0.138997
0.125711
0.245151
0.227158
0.131572
0.158797
0.211317
0.186307
0.288153
0.312773
0.115893
0.168499
0.115510
0.166272
0.201058
0.183206
0.266579
0.191786
0.163119
0.312124
0.244916
0.335816
0.320417
0.144755
0.278494
0.113194
0.192547
0.155334
0.180144
0.161033
0.161990
0.208959
0.190420
0.253044
0.212214
0.187488
0.150268
0.170754
0.265688
0.201764
0.218501
0.168751
0.247720
0.117240
0.140514
0.175991
0.189142
0.161866
0.296356
0.197079
0.157250
0.196314
0.314559
0.149488
0.185025
0.154868
0.173852
0.193798
0.151788
0.147540
0.107848
0.138601
0.129317
0.208520
0.198106
0.154934
0.190377
0.148067
0.213171
0.219987
0.248832
0.215999
0.304246
0.240203
0.189906
0.175564
0.192349
0.204708
0.221319
0.153409
0.207378
0.148504
0.216773
0.209475
0.098123
0.172663
0.143647
0.144268
0.166563
0.220049
0.170391
0.147953
0.239588
0.176736
0.212394
0.165848
0.158462
0.215874
0.152202
0.211494
0.169196
0.192213
0.157961
0.148920
0.089758
0.208646
0.182681
0.210254
0.212266
0.124103
0.138426
0.258944
0.195854
0.165862
0.123122
0.185783
0.182803
0.149929
0.116542
0.146265
0.220244
0.230488
0.168034
0.194033
0.198997
0.127146
0.240479
0.364555
0.416541
0.237944
0.130996
0.134596
0.253613
0.157479
0.281279
0.122279
0.203550
0.207125
0.124895
0.120444
0.085159
0.124688
0.167605
0.262028
0.145781
0.152570
0.212350
0.162414
0.229550
0.172966
0.099850
0.130823
0.110612
0.151762
0.103092
0.212585
0.116045
0.152538
0.116324
0.170325
0.215380
0.195468
0.155225
0.158677
0.098217
0.147427
0.115499
0.148417
0.135415
0.121486
0.107121
0.239947
0.127961
0.153606
0.176579
0.109238
0.183724
0.147232
0.165785
0.097247
0.241872
0.094824
0.104931
0.203664
0.208020
0.242661
0.182680
0.120237
0.221411
0.092857
0.176616
0.117397
0.164346
0.186463
0.176314
0.132832
0.242442
0.110751
0.131866
0.156030
0.213186
0.063080
0.145253
0.187423
0.128501
0.125157
0.250201
0.159012
0.125317
0.158796
0.108183
0.187083
0.106233
0.161957
0.158952
0.096796
0.164678
0.113890
0.119787
0.166635
0.089739
0.103024
0.086731
0.190839
0.066577
0.150797
0.096228
0.137635
0.142945
0.166870
0.187712
0.179881
0.100266
0.101241
0.169901
0.141354
0.134917
0.178504
0.144640
0.161186
0.082796
0.076608
0.170291
0.282389
0.132164
0.101016
0.154131
0.122340
0.225620
0.267951
0.147405
0.168033
0.158627
0.162360
0.171547
0.136704
0.080448
0.198130
0.166963
0.105747
0.106960
0.203591
0.100709
0.116399
0.190153
0.147667
0.091182
0.184311
0.085874
0.248745
0.133895
0.130299
0.213987
0.155270
0.090865
0.101659
0.163159
0.128884
0.209008
0.120754
0.268541
0.197622
0.084964
0.102270
0.061596
0.103104
0.044397
0.111588
0.138694
0.091308
0.063672
0.144745
0.141328
0.092617
0.106285
0.125700
0.225953
0.078430
0.165160
0.088512
0.245714
0.044747
0.102307
0.111101
0.079140
0.120579
0.121433
0.060443
0.140588
0.096385
0.188218
0.156062
0.094330
0.089282
0.079841
0.101271
0.230895
0.203407
0.066969
0.223015
0.073542
0.097863
0.085120
0.042324
0.112192
0.100374
0.113699
0.160464
0.124993
0.169985
0.112017
0.075080
0.100891
0.140968
0.228902
0.092350
0.194925
0.089056
0.035110
0.141444
0.076676
0.110591
0.066043
0.091129
0.077946
0.181458
0.091518
0.106924
0.092899
0.071255
0.087496
0.129977
0.128006
0.064476
0.087950
0.142042
0.064395
0.117960
0.092508
0.167788
0.104628
0.131849
0.093330
0.078438
0.179883
0.180333
0.071400
0.126081
0.060681
0.219141
0.207585
0.109395
0.116748
0.188171
0.105059
0.183988
0.102309
0.074245
0.085817
0.061853
0.123899
0.086158
0.144696
0.092484
0.070546
0.130713
0.097278
0.145891
0.140476
0.133763
0.131888
0.110154
0.200881
0.160646
0.063575
0.071661
0.082544
0.111554
0.103423
0.201123
0.066531
0.201379
0.113588
0.123524
0.181763
0.153677
0.186073
0.067705
0.158420
0.093008
0.213078
0.131018
0.068257
0.106924
0.142667
0.130825
0.139124
0.093448
0.137761
0.087930
0.160045
0.070368
0.131078
0.096621
0.071063
0.091756
0.103716
0.107027
0.082593
0.166533
0.131398
0.232439
0.075957
0.131467
0.064194
0.092476
0.091059
0.081668
0.063000
0.135055
0.082480
0.101420
0.070253
0.094998
0.131285
0.107364
0.069335
0.081445
0.047403
0.059354
0.346722
0.160425
0.175387
0.114217
0.102902
0.150126
0.055028
0.052682
0.085709
0.116838
0.080658
0.105945
0.082847
0.061483
0.088050
0.035777
0.091126
0.066467
0.063629
0.143817
0.100139
0.101622
0.094655
0.045685
0.097124
0.061595
0.110373
0.050426
0.056818
0.135721
0.034899
0.151641
0.072536
0.092772
0.051296
0.119526
0.125417
0.089101
0.078139
0.105570
0.087410
0.099556
0.070945
0.057738
0.118100
0.107472
0.147669
0.086424
0.082870
0.118166
0.135090
0.062534
0.151031
0.070876
0.250881
0.085449
0.100687
0.049748
0.058130
0.110066
0.086589
0.047414
0.040285
0.116938
0.062760
0.207038
0.081789
0.053535
0.101951
0.127865
0.093728
0.168443
0.106319
0.119607
0.092439
0.073127
0.107476
0.052130
0.122505
0.127177
0.065683
0.085003
0.112859
0.081660
0.115940
0.071903
0.056658
0.139811
0.137883
0.149546
0.135118
0.073545
0.073584
0.128309
0.156611
0.139330
0.140893
0.102791
0.075983
0.078079
0.113581
0.089700
0.109203
0.128851
0.049398
0.085798
0.131592
0.173604
0.099663
0.120936
0.035730
0.073637
0.098543
0.149239
0.101469
0.049377
0.079045
0.113975
0.101123
0.096536
0.102014
0.093183
0.056043
0.060725
0.103163
0.096176
0.069898
0.121093
0.078660
0.073969
0.044233
0.117729
0.134404
0.112943
0.078725
0.050096
0.074820
0.057421
0.082960
0.153754
0.093300
0.112447
0.160991
0.066725
0.125777
0.108385
0.137558
0.077475
0.082658
0.110448
0.130732
0.101868
0.052982
0.062949
0.086753
0.068943
0.104881
0.162614
0.055751
0.052112
0.044389
0.079816
0.100994
0.060124
0.068501
0.071195
0.126255
0.048481
0.073787
0.157343
0.041752
0.096626
0.044935
0.070519
0.093606
0.052907
0.064479
0.119661
0.101441
0.106201
0.064421
0.135712
0.060853
0.181370
0.203075
0.092982
0.123004
0.061090
0.093845
0.070275
0.085774
0.078748
0.049136
0.075471
0.161456
0.058379
0.138499
0.115415
0.099120
0.127465
0.067600
0.104174
0.030410
0.095727
0.091970
0.082722
0.069888
0.132709
0.122029
0.073497
0.101910
0.075285
0.077432
0.060551
0.095773
0.125797
0.102686
0.072152
0.049950
0.094764
0.037910
0.109053
0.178156
0.072772
0.149241
0.094000
0.056133
0.108922
0.112301
0.062902
0.087054
0.049936
0.121537
0.114555
0.039239
0.059302
0.055312
0.052555
0.052309
0.056338
0.048589
0.137891
0.137929
0.109002
0.138065
0.073937
0.106679
0.067251
0.139067
0.031995
0.049798
0.065535
0.067096
0.123112
0.136884
0.060961
0.076336
0.133283
0.068473
0.117590
0.082321
0.090945
0.026913
0.064768
0.085134
0.042834
0.036955
0.101150
0.081210
0.075503
0.085801
0.071668
0.121907
0.085278
0.111101
0.051140
0.088698
0.070345
0.052864
0.066066
0.085554
0.099202
0.118666
0.058412
0.050124
0.108886
0.037156
0.030709
0.081901
0.098101
0.160691
0.059420
0.085347
0.067081
0.025024
0.088809
0.109095
0.038990
0.054238
0.154332
0.087510
0.041768
0.034493
0.091802
0.052983
0.062897
0.042173
0.060982
0.096853
0.082274
0.044968
0.056317
0.060410
0.086375
0.122333
0.083590
0.082637
0.061749
0.142429
0.060050
0.075762
0.039595
0.038310
0.036881
0.082262
0.084993
0.031530
0.052511
0.026129
0.055436
0.063855
0.125731
0.035943
0.066702
0.040263
0.079488
0.047986
0.051733
0.093614
0.111342
0.213670
0.056275
0.075845
0.052253
0.132154
0.185419
0.058097
0.105618
0.046716
0.115490
0.050266
0.093176
0.050551
0.055730
0.024274
0.054000
0.054950
0.057254
0.067282
0.063383
0.029488
0.044552
0.042464
0.104776
0.070512
0.095717
0.085698
0.061662
0.073669
0.037571
0.031672
0.064344
0.110287
0.075533
0.068190
0.121756
0.124702
0.187813
0.035430
0.039406
0.062235
0.082692
0.047879
0.038782
0.041946
0.081147
0.043445
0.123515
0.114898
0.054610
0.115496
0.051801
0.039074
0.037361
0.034315
0.049789
0.050016
0.076214
0.069614
0.056523
0.192251
0.124516
0.048718
0.041365
0.045462
0.051176
0.048818
0.045691
0.094653
0.031840
0.046447
0.075510
0.078207
0.087447
0.045293
0.060647
0.059862
0.077031
0.052614
0.074386
0.092459
0.072315
0.034802
0.064196
0.101599
0.034922
0.131059
0.045679
0.026058
0.043882
0.069064
0.167696
0.039804
0.088682
0.063268
0.038429
0.045641
0.091885
0.024806
0.040356
0.089205
0.016510
0.072766
0.089870
0.185203
0.229603
0.065976
0.112083
0.116423
0.119840
0.045036
0.030871
0.072288
0.085881
0.071370
0.117469
0.089828
0.067424
0.100310
0.040761
0.040182
0.066481
0.079247
0.072074
0.071721
0.084920
0.034791
0.105631
0.088852
0.043571
0.070543
0.047968
0.069590
0.050399
0.045538
0.099661
0.028902
0.058876
0.039493
0.099352
0.028521
0.047785
0.075260
0.099686
0.097535
0.054885
0.026839
0.064830
0.021285
0.027615
0.089518
0.031050
0.093964
0.071196
0.073092
0.042662
0.060247
0.104936
0.024577
0.045739
0.051797
0.093323
0.030413
0.059315
0.033169
0.029005
0.058348
0.062999
0.065065
0.072230
0.088024
0.034184
0.064526
0.084710
0.040289
0.116915
0.125045
0.030598
0.092311
0.057171
0.070772
0.051083
0.046919
0.058218
0.035522
0.052747
0.040078
0.084747
0.101461
0.089772
0.103663
0.054728
0.067879
0.093561
0.124279
0.028886
0.142507
0.108536
0.125182
0.060114
0.091589
0.046547
0.037403
0.075660
0.030214
0.045934
0.079344
0.042859
0.029704
0.135384
0.041075
0.038875
0.097196
0.055104
0.025509
0.040259
0.122428
0.089718
0.050794
0.071000
0.070902
0.035649
0.051454
0.075800
0.077373
0.062640
0.042229
0.139831
0.048314
0.078648
0.039390
0.080689
0.070089
0.033849
0.045721
0.078507
0.061575
0.073365
0.035043
0.046011
0.032727
0.041615
0.029349
0.034054
0.045642
0.075229
0.049778
0.074183
0.051662
0.109912
0.093105
0.044792
0.032604
0.033567
0.031862
0.053229
0.036858
0.055959
0.053875
0.031892
0.087071
0.067027
0.040008
0.043336
0.039478
0.028906
0.037335
0.086464
0.057311
0.045660
0.033226
0.070503
0.078030
0.062492
0.057015
0.036749
0.020790
0.087861
0.056023
0.157652
0.071782
0.093789
0.022947
0.052267
0.049188
0.055614
0.094986
0.067324
0.026341
0.066362
0.029451
0.027256
0.062022
0.024195
0.152803
0.031022
0.030645
0.123131
0.077900
0.024622
0.052727
0.035781
0.122232
0.058905
0.032197
0.033044
0.032849
0.135067
0.034751
0.032808
0.057517
0.109995
0.029944
0.052999
0.015514
0.022494
0.018923
0.132299
0.021450
0.049690
0.066544
0.025864
0.036911
0.087472
0.080961
0.122563
0.035958
0.030813
0.024892
0.076828
0.067487
0.137125
0.032166
0.051717
0.058380
0.023316
0.080166
0.065522
0.028210
0.058171
0.072932
0.074702
0.069557
0.063908
0.072271
0.045083
0.108521
0.097097
0.022115
0.012655
0.032223
0.090990
0.035761
0.059399
0.060190
0.064720
0.046730
0.094901
0.064520
0.069482
0.107369
0.054280
0.031856
0.032960
0.057051
0.099573
0.028359
0.031098
0.032660
0.018594
0.079482
0.084159
0.091390
0.083667
0.062535
0.055651
0.059321
0.043950
0.055030
0.087383
0.066313
0.064245
0.054691
0.049241
0.053924
0.111004
0.044839
0.093853
0.060782
0.044464
0.049219
0.072661
0.061151
0.044799
0.039702
0.064166
0.060207
0.023375
0.046053
0.033923
0.034962
0.031094
0.093814
0.044423
0.055755
0.056741
0.023047
0.052703
0.022044
0.056501
0.056013
0.095263
0.044513
0.051063
0.040476
0.079730
0.065597
0.056571
0.065403
0.059322
0.081566
0.088179
0.073247
0.059688
0.048809
0.048121
0.088165
